{
    "frames": [
        {
            "file_path": "0000.png",
            "transform_matrix": [
                [
                    0.0,
                    -0.433555006980896,
                    0.9011271595954895,
                    0.6696152687072754
                ],
                [
                    1.0,
                    0.0,
                    0.0,
                    0.0
                ],
                [
                    0.0,
                    0.9011271595954895,
                    0.433555006980896,
                    -0.050000011920928955
                ],
                [
                    0.0,
                    0.0,
                    0.0,
                    1.0
                ]
            ]
        },
        {
            "file_path": "0001.png",
            "transform_matrix": [
                [
                    -0.027930710464715958,
                    -0.433557391166687,
                    0.9006929993629456,
                    0.6691594123840332
                ],
                [
                    0.9996098279953003,
                    -0.01211429201066494,
                    0.025166815146803856,
                    0.014506151899695396
                ],
                [
                    0.0,
                    0.9010445475578308,
                    0.43372657895088196,
                    -0.050000011920928955
                ],
                [
                    0.0,
                    0.0,
                    0.0,
                    1.0
                ]
            ]
        },
        {
            "file_path": "0002.png",
            "transform_matrix": [
                [
                    -0.055894043296575546,
                    -0.4335625171661377,
                    0.8993883728981018,
                    0.6677929162979126
                ],
                [
                    0.998436689376831,
                    -0.024271506816148758,
                    0.0503491647541523,
                    0.02898685447871685
                ],
                [
                    0.0,
                    0.9007965922355652,
                    0.434241384267807,
                    -0.050000011920928955
                ],
                [
                    0.0,
                    0.0,
                    0.0,
                    1.0
                ]
            ]
        },
        {
            "file_path": "0003.png",
            "transform_matrix": [
                [
                    -0.08392248302698135,
                    -0.4335644543170929,
                    0.8972061276435852,
                    0.6655179262161255
                ],
                [
                    0.9964722990989685,
                    -0.03651461750268936,
                    0.07556232810020447,
                    0.04341670498251915
                ],
                [
                    0.0,
                    0.9003824591636658,
                    0.43509936332702637,
                    -0.050000011920928955
                ],
                [
                    0.0,
                    0.0,
                    0.0,
                    1.0
                ]
            ]
        },
        {
            "file_path": "0004.png",
            "transform_matrix": [
                [
                    -0.11204815655946732,
                    -0.43355315923690796,
                    0.8941347599029541,
                    0.6623386144638062
                ],
                [
                    0.99370276927948,
                    -0.04888668283820152,
                    0.10082104802131653,
                    0.057770390063524246
                ],
                [
                    0.0,
                    0.8998008966445923,
                    0.43630069494247437,
                    -0.050000011920928955
                ],
                [
                    0.0,
                    0.0,
                    0.0,
                    1.0
                ]
            ]
        },
        {
            "file_path": "0005.png",
            "transform_matrix": [
                [
                    -0.14030270278453827,
                    -0.4335143268108368,
                    0.8901575803756714,
                    0.6582604646682739
                ],
                [
                    0.9901086091995239,
                    -0.06143086776137352,
                    0.12613920867443085,
                    0.07202272117137909
                ],
                [
                    0.0,
                    0.8990504145622253,
                    0.4378452003002167,
                    -0.050000011920928955
                ],
                [
                    0.0,
                    0.0,
                    0.0,
                    1.0
                ]
            ]
        },
        {
            "file_path": "0006.png",
            "transform_matrix": [
                [
                    -0.16871708631515503,
                    -0.4334290623664856,
                    0.8852535486221313,
                    0.6532906293869019
                ],
                [
                    0.9856645464897156,
                    -0.07419043779373169,
                    0.15152963995933533,
                    0.086148701608181
                ],
                [
                    0.0,
                    0.8981286883354187,
                    0.4397328197956085,
                    -0.050000011920928955
                ],
                [
                    0.0,
                    0.0,
                    0.0,
                    1.0
                ]
            ]
        },
        {
            "file_path": "0007.png",
            "transform_matrix": [
                [
                    -0.19732119143009186,
                    -0.4332736134529114,
                    0.8793964982032776,
                    0.6474378108978271
                ],
                [
                    0.9803389310836792,
                    -0.08720868080854416,
                    0.1770036518573761,
                    0.10012355446815491
                ],
                [
                    0.0,
                    0.8970332741737366,
                    0.4419630467891693,
                    -0.050000011920928955
                ],
                [
                    0.0,
                    0.0,
                    0.0,
                    1.0
                ]
            ]
        },
        {
            "file_path": "0008.png",
            "transform_matrix": [
                [
                    -0.22614358365535736,
                    -0.43301910161972046,
                    0.8725557923316956,
                    0.6407123804092407
                ],
                [
                    0.9740939736366272,
                    -0.10052879899740219,
                    0.20257070660591125,
                    0.11392274498939514
                ],
                [
                    0.0,
                    0.8957613706588745,
                    0.4445352554321289,
                    -0.050000011920928955
                ],
                [
                    0.0,
                    0.0,
                    0.0,
                    1.0
                ]
            ]
        },
        {
            "file_path": "0009.png",
            "transform_matrix": [
                [
                    -0.2552112936973572,
                    -0.43263086676597595,
                    0.8646951913833618,
                    0.6331260204315186
                ],
                [
                    0.9668853282928467,
                    -0.11419377475976944,
                    0.22823801636695862,
                    0.1275220811367035
                ],
                [
                    0.0,
                    0.894309937953949,
                    0.4474480152130127,
                    -0.050000011920928955
                ],
                [
                    0.0,
                    0.0,
                    0.0,
                    1.0
                ]
            ]
        },
        {
            "file_path": "0010.png",
            "transform_matrix": [
                [
                    -0.2845490574836731,
                    -0.4320681691169739,
                    0.85577392578125,
                    0.6246921420097351
                ],
                [
                    0.9586614966392517,
                    -0.12824609875679016,
                    0.25401005148887634,
                    0.1408977061510086
                ],
                [
                    0.0,
                    0.8926758170127869,
                    0.45069941878318787,
                    -0.050000011920928955
                ],
                [
                    0.0,
                    0.0,
                    0.0,
                    1.0
                ]
            ]
        },
        {
            "file_path": "0011.png",
            "transform_matrix": [
                [
                    -0.3141788840293884,
                    -0.4312831461429596,
                    0.8457461595535278,
                    0.6154254674911499
                ],
                [
                    0.9493638277053833,
                    -0.14272722601890564,
                    0.2798880338668823,
                    0.15402615070343018
                ],
                [
                    0.0,
                    0.890855610370636,
                    0.4542865455150604,
                    -0.050000011920928955
                ],
                [
                    0.0,
                    0.0,
                    0.0,
                    1.0
                ]
            ]
        },
        {
            "file_path": "0012.png",
            "transform_matrix": [
                [
                    -0.34411925077438354,
                    -0.4302207827568054,
                    0.8345609307289124,
                    0.6053423285484314
                ],
                [
                    0.9389259219169617,
                    -0.15767724812030792,
                    0.3058691620826721,
                    0.16688436269760132
                ],
                [
                    0.0,
                    0.8888463973999023,
                    0.4582052528858185,
                    -0.050000011920928955
                ],
                [
                    0.0,
                    0.0,
                    0.0,
                    1.0
                ]
            ]
        },
        {
            "file_path": "0013.png",
            "transform_matrix": [
                [
                    -0.3743845522403717,
                    -0.4288177192211151,
                    0.8221627473831177,
                    0.5944603085517883
                ],
                [
                    0.9272735714912415,
                    -0.17313416302204132,
                    0.33194631338119507,
                    0.17944982647895813
                ],
                [
                    0.0,
                    0.8866453766822815,
                    0.4624500572681427,
                    -0.050000011920928955
                ],
                [
                    0.0,
                    0.0,
                    0.0,
                    1.0
                ]
            ]
        },
        {
            "file_path": "0014.png",
            "transform_matrix": [
                [
                    -0.40498360991477966,
                    -0.4270016551017761,
                    0.8084911108016968,
                    0.5827986001968384
                ],
                [
                    0.9143239855766296,
                    -0.18913280963897705,
                    0.3581068217754364,
                    0.19170045852661133
                ],
                [
                    0.0,
                    0.8842502236366272,
                    0.46701350808143616,
                    -0.050000011920928955
                ],
                [
                    0.0,
                    0.0,
                    0.0,
                    1.0
                ]
            ]
        },
        {
            "file_path": "0015.png",
            "transform_matrix": [
                [
                    -0.43591874837875366,
                    -0.4246909022331238,
                    0.7934812307357788,
                    0.5703775882720947
                ],
                [
                    0.8999860286712646,
                    -0.205704003572464,
                    0.38433191180229187,
                    0.20361478626728058
                ],
                [
                    0.0,
                    0.8816595673561096,
                    0.4718860685825348,
                    -0.050000011920928955
                ],
                [
                    0.0,
                    0.0,
                    0.0,
                    1.0
                ]
            ]
        },
        {
            "file_path": "0016.png",
            "transform_matrix": [
                [
                    -0.4671843647956848,
                    -0.4217934012413025,
                    0.7770643830299377,
                    0.5572190284729004
                ],
                [
                    0.8841599225997925,
                    -0.22287289798259735,
                    0.41059577465057373,
                    0.2151719033718109
                ],
                [
                    0.0,
                    0.8788731694221497,
                    0.47705551981925964,
                    -0.050000011920928955
                ],
                [
                    0.0,
                    0.0,
                    0.0,
                    1.0
                ]
            ]
        },
        {
            "file_path": "0017.png",
            "transform_matrix": [
                [
                    -0.4987650215625763,
                    -0.41820645332336426,
                    0.7591685056686401,
                    0.5433461666107178
                ],
                [
                    0.8667372465133667,
                    -0.24065741896629333,
                    0.4368644654750824,
                    0.2263515442609787
                ],
                [
                    0.0,
                    0.8758923411369324,
                    0.4825066030025482,
                    -0.050000011920928955
                ],
                [
                    0.0,
                    0.0,
                    0.0,
                    1.0
                ]
            ]
        },
        {
            "file_path": "0018.png",
            "transform_matrix": [
                [
                    -0.5306336879730225,
                    -0.41381627321243286,
                    0.7397188544273376,
                    0.5287832021713257
                ],
                [
                    0.8476012349128723,
                    -0.25906622409820557,
                    0.4630948305130005,
                    0.23713406920433044
                ],
                [
                    0.0,
                    0.8727203607559204,
                    0.4882204830646515,
                    -0.050000011920928955
                ],
                [
                    0.0,
                    0.0,
                    0.0,
                    1.0
                ]
            ]
        },
        {
            "file_path": "0019.png",
            "transform_matrix": [
                [
                    -0.5627495050430298,
                    -0.4084979295730591,
                    0.7186392545700073,
                    0.5135557651519775
                ],
                [
                    0.8266275525093079,
                    -0.2780962288379669,
                    0.48923352360725403,
                    0.24750059843063354
                ],
                [
                    0.0,
                    0.8693629503250122,
                    0.4941740930080414,
                    -0.050000011920928955
                ],
                [
                    0.0,
                    0.0,
                    0.0,
                    1.0
                ]
            ]
        },
        {
            "file_path": "0020.png",
            "transform_matrix": [
                [
                    -0.5950549840927124,
                    -0.40211573243141174,
                    0.6958537697792053,
                    0.49769046902656555
                ],
                [
                    0.8036849498748779,
                    -0.29772982001304626,
                    0.5152158737182617,
                    0.2574329078197479
                ],
                [
                    0.0,
                    0.8658290505409241,
                    0.5003399848937988,
                    -0.050000011920928955
                ],
                [
                    0.0,
                    0.0,
                    0.0,
                    1.0
                ]
            ]
        },
        {
            "file_path": "0021.png",
            "transform_matrix": [
                [
                    -0.6274740099906921,
                    -0.3945242166519165,
                    0.6712875962257385,
                    0.481215238571167
                ],
                [
                    0.7786375284194946,
                    -0.3179318606853485,
                    0.5409648418426514,
                    0.26691362261772156
                ],
                [
                    0.0,
                    0.8621311187744141,
                    0.5066853165626526,
                    -0.050000011920928955
                ],
                [
                    0.0,
                    0.0,
                    0.0,
                    1.0
                ]
            ]
        },
        {
            "file_path": "0022.png",
            "transform_matrix": [
                [
                    -0.6599081158638,
                    -0.3855697214603424,
                    0.6448699831962585,
                    0.46415892243385315
                ],
                [
                    0.7513462901115417,
                    -0.3386462330818176,
                    0.5663898587226868,
                    0.27592605352401733
                ],
                [
                    0.0,
                    0.8582859039306641,
                    0.5131717920303345,
                    -0.050000011920928955
                ],
                [
                    0.0,
                    0.0,
                    0.0,
                    1.0
                ]
            ]
        },
        {
            "file_path": "0023.png",
            "transform_matrix": [
                [
                    -0.6922341585159302,
                    -0.3750930726528168,
                    0.6165363192558289,
                    0.44655147194862366
                ],
                [
                    0.7216729521751404,
                    -0.3597921133041382,
                    0.5913863182067871,
                    0.28445443511009216
                ],
                [
                    0.0,
                    0.854315459728241,
                    0.5197548866271973,
                    -0.050000011920928955
                ],
                [
                    0.0,
                    0.0,
                    0.0,
                    1.0
                ]
            ]
        },
        {
            "file_path": "0024.png",
            "transform_matrix": [
                [
                    -0.7243014574050903,
                    -0.36293303966522217,
                    0.5862311720848083,
                    0.42842376232147217
                ],
                [
                    0.6894834637641907,
                    -0.3812606930732727,
                    0.6158350706100464,
                    0.29248377680778503
                ],
                [
                    0.0,
                    0.8502469658851624,
                    0.5263839364051819,
                    -0.050000011920928955
                ],
                [
                    0.0,
                    0.0,
                    0.0,
                    1.0
                ]
            ]
        },
        {
            "file_path": "0025.png",
            "transform_matrix": [
                [
                    -0.7559289336204529,
                    -0.34893158078193665,
                    0.5539116859436035,
                    0.40980762243270874
                ],
                [
                    0.6546536087989807,
                    -0.4029114842414856,
                    0.6396021842956543,
                    0.30000001192092896
                ],
                [
                    0.0,
                    0.8461141586303711,
                    0.5330017805099487,
                    -0.050000011920928955
                ],
                [
                    0.0,
                    0.0,
                    0.0,
                    1.0
                ]
            ]
        },
        {
            "file_path": "0026.png",
            "transform_matrix": [
                [
                    -0.7869040966033936,
                    -0.3329398036003113,
                    0.5195508003234863,
                    0.3907356858253479
                ],
                [
                    0.6170752644538879,
                    -0.4245700538158417,
                    0.6625393629074097,
                    0.3069899380207062
                ],
                [
                    0.0,
                    0.8419569134712219,
                    0.5395448207855225,
                    -0.050000011920928955
                ],
                [
                    0.0,
                    0.0,
                    0.0,
                    1.0
                ]
            ]
        },
        {
            "file_path": "0027.png",
            "transform_matrix": [
                [
                    -0.8169817328453064,
                    -0.3148258626461029,
                    0.48314139246940613,
                    0.37124142050743103
                ],
                [
                    0.576663613319397,
                    -0.4460259974002838,
                    0.684485137462616,
                    0.31344127655029297
                ],
                [
                    0.0,
                    0.837821900844574,
                    0.5459436774253845,
                    -0.050000011920928955
                ],
                [
                    0.0,
                    0.0,
                    0.0,
                    1.0
                ]
            ]
        },
        {
            "file_path": "0028.png",
            "transform_matrix": [
                [
                    -0.8458846807479858,
                    -0.29448387026786804,
                    0.4447002410888672,
                    0.3513590097427368
                ],
                [
                    0.533365786075592,
                    -0.46703293919563293,
                    0.7052667140960693,
                    0.3193427622318268
                ],
                [
                    0.0,
                    0.8337622284889221,
                    0.5521236062049866,
                    -0.050000011920928955
                ],
                [
                    0.0,
                    0.0,
                    0.0,
                    1.0
                ]
            ]
        },
        {
            "file_path": "0029.png",
            "transform_matrix": [
                [
                    -0.8733071088790894,
                    -0.271843820810318,
                    0.4042716920375824,
                    0.33112335205078125
                ],
                [
                    0.48717001080513,
                    -0.48731064796447754,
                    0.7247025370597839,
                    0.3246839940547943
                ],
                [
                    0.0,
                    0.8298369646072388,
                    0.5580060482025146,
                    -0.050000011920928955
                ],
                [
                    0.0,
                    0.0,
                    0.0,
                    1.0
                ]
            ]
        },
        {
            "file_path": "0030.png",
            "transform_matrix": [
                [
                    -0.8989190459251404,
                    -0.2468818575143814,
                    0.361930787563324,
                    0.3105699419975281
                ],
                [
                    0.438114732503891,
                    -0.5065494775772095,
                    0.7426056265830994,
                    0.3294556438922882
                ],
                [
                    0.0,
                    0.8261095285415649,
                    0.5635095834732056,
                    -0.050000011920928955
                ],
                [
                    0.0,
                    0.0,
                    0.0,
                    1.0
                ]
            ]
        },
        {
            "file_path": "0031.png",
            "transform_matrix": [
                [
                    -0.9223743677139282,
                    -0.21963028609752655,
                    0.3177863359451294,
                    0.2897348403930664
                ],
                [
                    0.3862973153591156,
                    -0.5244181752204895,
                    0.758788526058197,
                    0.33364930748939514
                ],
                [
                    0.0,
                    0.8226470947265625,
                    0.5685524344444275,
                    -0.050000011920928955
                ],
                [
                    0.0,
                    0.0,
                    0.0,
                    1.0
                ]
            ]
        },
        {
            "file_path": "0032.png",
            "transform_matrix": [
                [
                    -0.9433212876319885,
                    -0.19018593430519104,
                    0.27198222279548645,
                    0.26865458488464355
                ],
                [
                    0.33188101649284363,
                    -0.5405745506286621,
                    0.7730680704116821,
                    0.33725762367248535
                ],
                [
                    0.0,
                    0.8195173144340515,
                    0.5730545520782471,
                    -0.050000011920928955
                ],
                [
                    0.0,
                    0.0,
                    0.0,
                    1.0
                ]
            ]
        },
        {
            "file_path": "0033.png",
            "transform_matrix": [
                [
                    -0.961415708065033,
                    -0.15871605277061462,
                    0.2246977835893631,
                    0.24736618995666504
                ],
                [
                    0.2750997543334961,
                    -0.5546791553497314,
                    0.785271406173706,
                    0.34027427434921265
                ],
                [
                    0.0,
                    0.8167865872383118,
                    0.5769400000572205,
                    -0.050000011920928955
                ],
                [
                    0.0,
                    0.0,
                    0.0,
                    1.0
                ]
            ]
        },
        {
            "file_path": "0034.png",
            "transform_matrix": [
                [
                    -0.9763360023498535,
                    -0.12546057999134064,
                    0.1761467009782791,
                    0.22590696811676025
                ],
                [
                    0.21625913679599762,
                    -0.5664116144180298,
                    0.7952420711517334,
                    0.3426939845085144
                ],
                [
                    0.0,
                    0.8145167827606201,
                    0.5801400542259216,
                    -0.050000011920928955
                ],
                [
                    0.0,
                    0.0,
                    0.0,
                    1.0
                ]
            ]
        },
        {
            "file_path": "0035.png",
            "transform_matrix": [
                [
                    -0.9877992272377014,
                    -0.09072926640510559,
                    0.12657374143600464,
                    0.20431458950042725
                ],
                [
                    0.15573282539844513,
                    -0.5754875540733337,
                    0.80284583568573,
                    0.3445124924182892
                ],
                [
                    0.0,
                    0.8127622008323669,
                    0.5825955867767334,
                    -0.050000011920928955
                ],
                [
                    0.0,
                    0.0,
                    0.0,
                    1.0
                ]
            ]
        },
        {
            "file_path": "0036.png",
            "transform_matrix": [
                [
                    -0.9955765008926392,
                    -0.0548938624560833,
                    0.07625037431716919,
                    0.18262691795825958
                ],
                [
                    0.09395454078912735,
                    -0.5816753506660461,
                    0.8079766631126404,
                    0.3457266092300415
                ],
                [
                    0.0,
                    0.8115666508674622,
                    0.5842598080635071,
                    -0.050000011920928955
                ],
                [
                    0.0,
                    0.0,
                    0.0,
                    1.0
                ]
            ]
        },
        {
            "file_path": "0037.png",
            "transform_matrix": [
                [
                    -0.9995067715644836,
                    -0.018375089392066002,
                    0.0254682470113039,
                    0.16088201105594635
                ],
                [
                    0.031405024230480194,
                    -0.5848116874694824,
                    0.810560941696167,
                    0.34633418917655945
                ],
                [
                    0.0,
                    0.8109610080718994,
                    0.5851002931594849,
                    -0.050000011920928955
                ],
                [
                    0.0,
                    0.0,
                    0.0,
                    1.0
                ]
            ]
        },
        {
            "file_path": "0038.png",
            "transform_matrix": [
                [
                    -0.9995067715644836,
                    0.018375089392066002,
                    -0.0254682470113039,
                    0.1391180008649826
                ],
                [
                    -0.031405024230480194,
                    -0.5848116874694824,
                    0.810560941696167,
                    0.34633418917655945
                ],
                [
                    0.0,
                    0.8109610080718994,
                    0.5851002931594849,
                    -0.050000011920928955
                ],
                [
                    0.0,
                    0.0,
                    0.0,
                    1.0
                ]
            ]
        },
        {
            "file_path": "0039.png",
            "transform_matrix": [
                [
                    -0.9955765008926392,
                    0.0548938624560833,
                    -0.07625037431716919,
                    0.11737309396266937
                ],
                [
                    -0.09395454078912735,
                    -0.5816753506660461,
                    0.8079766631126404,
                    0.3457266092300415
                ],
                [
                    0.0,
                    0.8115666508674622,
                    0.5842598080635071,
                    -0.050000011920928955
                ],
                [
                    0.0,
                    0.0,
                    0.0,
                    1.0
                ]
            ]
        },
        {
            "file_path": "0040.png",
            "transform_matrix": [
                [
                    -0.9877992272377014,
                    0.09072926640510559,
                    -0.12657374143600464,
                    0.09568542242050171
                ],
                [
                    -0.15573282539844513,
                    -0.5754875540733337,
                    0.80284583568573,
                    0.3445124924182892
                ],
                [
                    0.0,
                    0.8127622008323669,
                    0.5825955867767334,
                    -0.050000011920928955
                ],
                [
                    0.0,
                    0.0,
                    0.0,
                    1.0
                ]
            ]
        },
        {
            "file_path": "0041.png",
            "transform_matrix": [
                [
                    -0.9763360023498535,
                    0.12546057999134064,
                    -0.1761467009782791,
                    0.0740930363535881
                ],
                [
                    -0.21625913679599762,
                    -0.5664116144180298,
                    0.7952420711517334,
                    0.3426939845085144
                ],
                [
                    0.0,
                    0.8145167827606201,
                    0.5801400542259216,
                    -0.050000011920928955
                ],
                [
                    0.0,
                    0.0,
                    0.0,
                    1.0
                ]
            ]
        },
        {
            "file_path": "0042.png",
            "transform_matrix": [
                [
                    -0.961415708065033,
                    0.15871605277061462,
                    -0.2246977835893631,
                    0.052633821964263916
                ],
                [
                    -0.2750997543334961,
                    -0.5546791553497314,
                    0.785271406173706,
                    0.34027427434921265
                ],
                [
                    0.0,
                    0.8167865872383118,
                    0.5769400000572205,
                    -0.050000011920928955
                ],
                [
                    0.0,
                    0.0,
                    0.0,
                    1.0
                ]
            ]
        },
        {
            "file_path": "0043.png",
            "transform_matrix": [
                [
                    -0.9433212876319885,
                    0.19018593430519104,
                    -0.27198222279548645,
                    0.03134541213512421
                ],
                [
                    -0.33188101649284363,
                    -0.5405745506286621,
                    0.7730680704116821,
                    0.33725762367248535
                ],
                [
                    0.0,
                    0.8195173144340515,
                    0.5730545520782471,
                    -0.050000011920928955
                ],
                [
                    0.0,
                    0.0,
                    0.0,
                    1.0
                ]
            ]
        },
        {
            "file_path": "0044.png",
            "transform_matrix": [
                [
                    -0.9223743677139282,
                    0.21963028609752655,
                    -0.3177863359451294,
                    0.010265171527862549
                ],
                [
                    -0.3862973153591156,
                    -0.5244181752204895,
                    0.758788526058197,
                    0.33364930748939514
                ],
                [
                    0.0,
                    0.8226470947265625,
                    0.5685524344444275,
                    -0.050000011920928955
                ],
                [
                    0.0,
                    0.0,
                    0.0,
                    1.0
                ]
            ]
        },
        {
            "file_path": "0045.png",
            "transform_matrix": [
                [
                    -0.8989190459251404,
                    0.2468818575143814,
                    -0.361930787563324,
                    -0.010569930076599121
                ],
                [
                    -0.438114732503891,
                    -0.5065494775772095,
                    0.7426056265830994,
                    0.3294556438922882
                ],
                [
                    0.0,
                    0.8261095285415649,
                    0.5635095834732056,
                    -0.050000011920928955
                ],
                [
                    0.0,
                    0.0,
                    0.0,
                    1.0
                ]
            ]
        },
        {
            "file_path": "0046.png",
            "transform_matrix": [
                [
                    -0.8733071088790894,
                    0.271843820810318,
                    -0.4042716920375824,
                    -0.031123340129852295
                ],
                [
                    -0.48717001080513,
                    -0.48731064796447754,
                    0.7247025370597839,
                    0.3246839940547943
                ],
                [
                    0.0,
                    0.8298369646072388,
                    0.5580060482025146,
                    -0.050000011920928955
                ],
                [
                    0.0,
                    0.0,
                    0.0,
                    1.0
                ]
            ]
        },
        {
            "file_path": "0047.png",
            "transform_matrix": [
                [
                    -0.8458846807479858,
                    0.29448387026786804,
                    -0.4447002410888672,
                    -0.05135899782180786
                ],
                [
                    -0.533365786075592,
                    -0.46703293919563293,
                    0.7052667140960693,
                    0.3193427622318268
                ],
                [
                    0.0,
                    0.8337622284889221,
                    0.5521236062049866,
                    -0.050000011920928955
                ],
                [
                    0.0,
                    0.0,
                    0.0,
                    1.0
                ]
            ]
        },
        {
            "file_path": "0048.png",
            "transform_matrix": [
                [
                    -0.8169817328453064,
                    0.3148258626461029,
                    -0.48314139246940613,
                    -0.07124140858650208
                ],
                [
                    -0.576663613319397,
                    -0.4460259974002838,
                    0.684485137462616,
                    0.31344127655029297
                ],
                [
                    0.0,
                    0.837821900844574,
