{
    "frames": [
        {
            "file_path": "0000.png",
            "transform_matrix": [
                [
                    0.0,
                    -0.3420201539993286,
                    0.9396926164627075,
                    0.6577848196029663
                ],
                [
                    1.0,
                    0.0,
                    0.0,
                    0.0
                ],
                [
                    0.0,
                    0.9396926164627075,
                    0.3420201539993286,
                    -0.1605859100818634
                ],
                [
                    0.0,
                    0.0,
                    0.0,
                    1.0
                ]
            ]
        },
        {
            "file_path": "0001.png",
            "transform_matrix": [
                [
                    -0.04187565669417381,
                    -0.3417201638221741,
                    0.9388683438301086,
                    0.6572078466415405
                ],
                [
                    0.9991227984428406,
                    -0.014322319068014622,
                    0.0393502451479435,
                    0.027545170858502388
                ],
                [
                    0.0,
                    0.9396926760673523,
                    0.3420201539993286,
                    -0.1605859100818634
                ],
                [
                    0.0,
                    0.0,
                    0.0,
                    1.0
                ]
            ]
        },
        {
            "file_path": "0002.png",
            "transform_matrix": [
                [
                    -0.08367784321308136,
                    -0.34082064032554626,
                    0.9363970160484314,
                    0.6554778814315796
                ],
                [
                    0.9964928030967712,
                    -0.028619511052966118,
                    0.0786314532160759,
                    0.05504201725125313
                ],
                [
                    0.0,
                    0.9396926164627075,
                    0.3420201539993286,
                    -0.1605859100818634
                ],
                [
                    0.0,
                    0.0,
                    0.0,
                    1.0
                ]
            ]
        },
        {
            "file_path": "0003.png",
            "transform_matrix": [
                [
                    -0.12533323466777802,
                    -0.3393232226371765,
                    0.9322828054428101,
                    0.6525980234146118
                ],
                [
                    0.9921147227287292,
                    -0.04286649078130722,
                    0.11777470260858536,
                    0.08244229853153229
                ],
                [
                    0.0,
                    0.9396926760673523,
                    0.3420201241970062,
                    -0.1605859100818634
                ],
                [
                    0.0,
                    0.0,
                    0.0,
                    1.0
                ]
            ]
        },
        {
            "file_path": "0004.png",
            "transform_matrix": [
                [
                    -0.16676877439022064,
                    -0.33723053336143494,
                    0.9265331625938416,
                    0.6485732197761536
                ],
                [
                    0.9859960675239563,
                    -0.05703828111290932,
                    0.1567113697528839,
                    0.10969795286655426
                ],
                [
                    0.0,
                    0.9396926164627075,
                    0.3420201539993286,
                    -0.1605859100818634
                ],
                [
                    0.0,
                    0.0,
                    0.0,
                    1.0
                ]
            ]
        },
        {
            "file_path": "0005.png",
            "transform_matrix": [
                [
                    -0.2079116851091385,
                    -0.33454620838165283,
                    0.9191581606864929,
                    0.6434106826782227
                ],
                [
                    0.9781476259231567,
                    -0.07110998779535294,
                    0.19537308812141418,
                    0.1367611587047577
                ],
                [
                    0.0,
                    0.9396926760673523,
                    0.3420201539993286,
                    -0.1605859100818634
                ],
                [
                    0.0,
                    0.0,
                    0.0,
                    1.0
                ]
            ]
        },
        {
            "file_path": "0006.png",
            "transform_matrix": [
                [
                    -0.2486899048089981,
                    -0.33127495646476746,
                    0.9101704359054565,
                    0.6371192932128906
                ],
                [
                    0.9685831665992737,
                    -0.08505696058273315,
                    0.23369206488132477,
                    0.16358444094657898
                ],
                [
                    0.0,
                    0.9396926164627075,
                    0.3420201539993286,
                    -0.1605859100818634
                ],
                [
                    0.0,
                    0.0,
                    0.0,
                    1.0
                ]
            ]
        },
        {
            "file_path": "0007.png",
            "transform_matrix": [
                [
                    -0.2890318036079407,
                    -0.327422559261322,
                    0.8995860815048218,
                    0.6297102570533752
                ],
                [
                    0.9573194980621338,
                    -0.09885470569133759,
                    0.2716010510921478,
                    0.19012072682380676
                ],
                [
                    0.0,
                    0.9396926164627075,
                    0.3420201539993286,
                    -0.1605859100818634
                ],
                [
                    0.0,
                    0.0,
                    0.0,
                    1.0
                ]
            ]
        },
        {
            "file_path": "0008.png",
            "transform_matrix": [
                [
                    -0.3288666605949402,
                    -0.32299575209617615,
                    0.8874235153198242,
                    0.621196448802948
                ],
                [
                    0.9443764090538025,
                    -0.11247902363538742,
                    0.3090335726737976,
                    0.21632349491119385
                ],
                [
                    0.0,
                    0.9396926164627075,
                    0.3420201539993286,
                    -0.1605859100818634
                ],
                [
                    0.0,
                    0.0,
                    0.0,
                    1.0
                ]
            ]
        },
        {
            "file_path": "0009.png",
            "transform_matrix": [
                [
                    -0.3681245446205139,
                    -0.31800228357315063,
                    0.8737041354179382,
                    0.6115928888320923
                ],
                [
                    0.9297765493392944,
                    -0.12590600550174713,
                    0.34592393040657043,
                    0.24214674532413483
                ],
                [
                    0.0,
                    0.9396926164627075,
                    0.3420201539993286,
                    -0.1605859100818634
                ],
                [
                    0.0,
                    0.0,
                    0.0,
                    1.0
                ]
            ]
        },
        {
            "file_path": "0010.png",
            "transform_matrix": [
                [
                    -0.4067366421222687,
                    -0.31245097517967224,
                    0.8584519028663635,
                    0.60091632604599
                ],
                [
                    0.9135454297065735,
                    -0.13911214470863342,
                    0.3822074234485626,
                    0.2675451934337616
                ],
                [
                    0.0,
                    0.9396926760673523,
                    0.3420201539993286,
                    -0.1605859100818634
                ],
                [
                    0.0,
                    0.0,
                    0.0,
                    1.0
                ]
            ]
        },
        {
            "file_path": "0011.png",
            "transform_matrix": [
                [
                    -0.44463518261909485,
                    -0.3063514828681946,
                    0.8416936993598938,
                    0.5891855955123901
                ],
                [
                    0.8957117199897766,
                    -0.1520742028951645,
                    0.41782039403915405,
                    0.29247426986694336
                ],
                [
                    0.0,
                    0.9396926164627075,
                    0.3420201539993286,
                    -0.1605859100818634
                ],
                [
                    0.0,
                    0.0,
                    0.0,
                    1.0
                ]
            ]
        },
        {
            "file_path": "0012.png",
            "transform_matrix": [
                [
                    -0.4817536771297455,
                    -0.2997145354747772,
                    0.8234589695930481,
                    0.5764212608337402
                ],
                [
                    0.8763066530227661,
                    -0.1647694706916809,
                    0.4527004063129425,
                    0.31689026951789856
                ],
                [
                    0.0,
                    0.9396926164627075,
                    0.3420201539993286,
                    -0.1605859100818634
                ],
                [
                    0.0,
                    0.0,
                    0.0,
                    1.0
                ]
            ]
        },
        {
            "file_path": "0013.png",
            "transform_matrix": [
                [
                    -0.5180270075798035,
                    -0.29255181550979614,
                    0.8037794828414917,
                    0.5626456141471863
                ],
                [
                    0.8553642630577087,
                    -0.17717567086219788,
                    0.4867861568927765,
                    0.3407503068447113
                ],
                [
                    0.0,
                    0.9396926164627075,
                    0.3420201539993286,
                    -0.1605859100818634
                ],
                [
                    0.0,
                    0.0,
                    0.0,
                    1.0
                ]
            ]
        },
        {
            "file_path": "0014.png",
            "transform_matrix": [
                [
                    -0.5533915162086487,
                    -0.28487586975097656,
                    0.7826899886131287,
                    0.5478829741477966
                ],
                [
                    0.8329212665557861,
                    -0.18927104771137238,
                    0.5200179815292358,
                    0.36401256918907166
                ],
                [
                    0.0,
                    0.9396926760673523,
                    0.3420201539993286,
                    -0.1605859100818634
                ],
                [
                    0.0,
                    0.0,
                    0.0,
                    1.0
                ]
            ]
        },
        {
            "file_path": "0015.png",
            "transform_matrix": [
                [
                    -0.5877852439880371,
                    -0.27670013904571533,
                    0.7602272629737854,
                    0.5321590900421143
                ],
                [
                    0.8090169429779053,
                    -0.20103442668914795,
                    0.5523374676704407,
                    0.38663622736930847
                ],
                [
                    0.0,
                    0.9396926164627075,
                    0.3420201539993286,
                    -0.1605859100818634
                ],
                [
                    0.0,
                    0.0,
                    0.0,
                    1.0
                ]
            ]
        },
        {
            "file_path": "0016.png",
            "transform_matrix": [
                [
                    -0.6211477518081665,
                    -0.26803895831108093,
                    0.7364310026168823,
                    0.5155016779899597
                ],
                [
                    0.7836934924125671,
                    -0.21244505047798157,
                    0.583687961101532,
                    0.40858158469200134
                ],
                [
                    0.0,
                    0.9396926164627075,
                    0.3420201539993286,
                    -0.1605859100818634
                ],
                [
                    0.0,
                    0.0,
                    0.0,
                    1.0
                ]
            ]
        },
        {
            "file_path": "0017.png",
            "transform_matrix": [
                [
                    -0.653420627117157,
                    -0.25890758633613586,
                    0.7113426327705383,
                    0.4979398548603058
                ],
                [
                    0.7569950819015503,
                    -0.22348302602767944,
                    0.6140145063400269,
                    0.42981016635894775
                ],
                [
                    0.0,
                    0.9396926164627075,
                    0.3420201539993286,
                    -0.1605859100818634
                ],
                [
                    0.0,
                    0.0,
                    0.0,
                    1.0
                ]
            ]
        },
        {
            "file_path": "0018.png",
            "transform_matrix": [
                [
                    -0.6845471262931824,
                    -0.24932195246219635,
                    0.6850064396858215,
                    0.4795044958591461
                ],
                [
                    0.728968620300293,
                    -0.2341289073228836,
                    0.6432638764381409,
                    0.4502847194671631
                ],
                [
                    0.0,
                    0.9396926164627075,
                    0.3420201539993286,
                    -0.1605859100818634
                ],
                [
                    0.0,
                    0.0,
                    0.0,
                    1.0
                ]
            ]
        },
        {
            "file_path": "0019.png",
            "transform_matrix": [
                [
                    -0.7144727110862732,
                    -0.2392989695072174,
                    0.6574684977531433,
                    0.46022793650627136
                ],
                [
                    0.6996633410453796,
                    -0.24436406791210175,
                    0.6713847517967224,
                    0.4699693024158478
                ],
                [
                    0.0,
                    0.9396926760673523,
                    0.3420201539993286,
                    -0.1605859100818634
                ],
                [
                    0.0,
                    0.0,
                    0.0,
                    1.0
                ]
            ]
        },
        {
            "file_path": "0020.png",
            "transform_matrix": [
                [
                    -0.7431448698043823,
                    -0.2288561314344406,
                    0.6287770867347717,
                    0.44014397263526917
                ],
                [
                    0.6691306233406067,
                    -0.2541705071926117,
                    0.6983277201652527,
                    0.4888294041156769
                ],
                [
                    0.0,
                    0.9396926164627075,
                    0.3420201539993286,
                    -0.1605859100818634
                ],
                [
                    0.0,
                    0.0,
                    0.0,
                    1.0
                ]
            ]
        },
        {
            "file_path": "0021.png",
            "transform_matrix": [
                [
                    -0.7705132365226746,
                    -0.21801185607910156,
                    0.5989826321601868,
                    0.4192878305912018
                ],
                [
                    0.6374239921569824,
                    -0.26353105902671814,
                    0.7240456342697144,
                    0.5068319439888
                ],
                [
                    0.0,
                    0.9396926164627075,
                    0.3420201539993286,
                    -0.1605859100818634
                ],
                [
                    0.0,
                    0.0,
                    0.0,
                    1.0
                ]
            ]
        },
        {
            "file_path": "0022.png",
            "transform_matrix": [
                [
                    -0.7965298891067505,
                    -0.20678508281707764,
                    0.5681373476982117,
                    0.3976961374282837
                ],
                [
                    0.604599118232727,
                    -0.27242928743362427,
                    0.7484932541847229,
                    0.5239452719688416
                ],
                [
                    0.0,
                    0.9396926164627075,
                    0.3420201539993286,
                    -0.1605859100818634
                ],
                [
                    0.0,
                    0.0,
                    0.0,
                    1.0
                ]
            ]
        },
        {
            "file_path": "0023.png",
            "transform_matrix": [
                [
                    -0.8211492300033569,
                    -0.1951955407857895,
                    0.5362953543663025,
                    0.37540674209594727
                ],
                [
                    0.5707135796546936,
                    -0.2808495759963989,
                    0.7716278433799744,
                    0.5401394963264465
                ],
                [
                    0.0,
                    0.9396926760673523,
                    0.3420201539993286,
                    -0.1605859100818634
                ],
                [
                    0.0,
                    0.0,
                    0.0,
                    1.0
                ]
            ]
        },
        {
            "file_path": "0024.png",
            "transform_matrix": [
                [
                    -0.8443279266357422,
                    -0.18326357007026672,
                    0.5035125017166138,
                    0.35245874524116516
                ],
                [
                    0.5358268022537231,
                    -0.2887771725654602,
                    0.7934087514877319,
                    0.5553861260414124
                ],
                [
                    0.0,
                    0.9396926164627075,
                    0.3420201539993286,
                    -0.1605859100818634
                ],
                [
                    0.0,
                    0.0,
                    0.0,
                    1.0
                ]
            ]
        },
        {
            "file_path": "0025.png",
            "transform_matrix": [
                [
                    -0.8660253882408142,
                    -0.1710100769996643,
                    0.46984630823135376,
                    0.32889240980148315
                ],
                [
                    0.4999999701976776,
                    -0.29619815945625305,
                    0.8137977123260498,
                    0.5696583986282349
                ],
                [
                    0.0,
                    0.9396926760673523,
                    0.3420201539993286,
                    -0.1605859100818634
                ],
                [
                    0.0,
                    0.0,
                    0.0,
                    1.0
                ]
            ]
        },
        {
            "file_path": "0026.png",
            "transform_matrix": [
                [
                    -0.8862035870552063,
                    -0.15845659375190735,
                    0.43535587191581726,
                    0.30474910140037537
                ],
                [
                    0.4632960557937622,
                    -0.30309948325157166,
                    0.8327589631080627,
                    0.5829312801361084
                ],
                [
                    0.0,
                    0.9396926164627075,
                    0.3420201539993286,
                    -0.1605859100818634
                ],
                [
                    0.0,
                    0.0,
                    0.0,
                    1.0
                ]
            ]
        },
        {
            "file_path": "0027.png",
            "transform_matrix": [
                [
                    -0.9048270583152771,
                    -0.14562509953975677,
                    0.4001016914844513,
                    0.2800711691379547
                ],
                [
                    0.4257793128490448,
                    -0.3094691038131714,
                    0.8502593636512756,
                    0.5951815247535706
                ],
                [
                    0.0,
                    0.9396926760673523,
                    0.3420201539993286,
                    -0.1605859100818634
                ],
                [
                    0.0,
                    0.0,
                    0.0,
                    1.0
                ]
            ]
        },
        {
            "file_path": "0028.png",
            "transform_matrix": [
                [
                    -0.9218631386756897,
                    -0.13253813982009888,
                    0.36414554715156555,
                    0.2549018859863281
                ],
                [
                    0.3875155746936798,
                    -0.3152957856655121,
                    0.8662680387496948,
                    0.6063876152038574
                ],
                [
                    0.0,
                    0.9396926760673523,
                    0.3420201539993286,
                    -0.1605859100818634
                ],
                [
                    0.0,
                    0.0,
                    0.0,
                    1.0
                ]
            ]
        },
        {
            "file_path": "0029.png",
            "transform_matrix": [
                [
                    -0.9372820258140564,
                    -0.11921866238117218,
                    0.32755059003829956,
                    0.22928540408611298
                ],
                [
                    0.3485720455646515,
                    -0.32056933641433716,
                    0.8807569742202759,
                    0.6165298819541931
                ],
                [
                    0.0,
                    0.9396926164627075,
                    0.3420201539993286,
                    -0.1605859100818634
                ],
                [
                    0.0,
                    0.0,
                    0.0,
                    1.0
                ]
            ]
        },
        {
            "file_path": "0030.png",
            "transform_matrix": [
                [
                    -0.9510565400123596,
                    -0.10569003224372864,
                    0.29038098454475403,
                    0.2032666951417923
                ],
                [
                    0.30901697278022766,
                    -0.3252805173397064,
                    0.8937008380889893,
                    0.6255905628204346
                ],
                [
                    0.0,
                    0.9396926760673523,
                    0.3420201539993286,
                    -0.1605859100818634
                ],
                [
                    0.0,
                    0.0,
                    0.0,
                    1.0
                ]
            ]
        },
        {
            "file_path": "0031.png",
            "transform_matrix": [
                [
                    -0.9631625413894653,
                    -0.09197600185871124,
                    0.252701997756958,
                    0.17689138650894165
                ],
                [
                    0.26891982555389404,
                    -0.3294210135936737,
                    0.905076801776886,
                    0.6335537433624268
                ],
                [
                    0.0,
                    0.9396926164627075,
                    0.3420201539993286,
                    -0.1605859100818634
                ],
                [
                    0.0,
                    0.0,
                    0.0,
                    1.0
                ]
            ]
        },
        {
            "file_path": "0032.png",
            "transform_matrix": [
                [
                    -0.9735788702964783,
                    -0.07810061424970627,
                    0.21457964181900024,
                    0.15020574629306793
                ],
                [
                    0.22835089266300201,
                    -0.3329836130142212,
                    0.9148648977279663,
                    0.6404054164886475
                ],
                [
                    0.0,
                    0.9396926164627075,
                    0.3420201539993286,
                    -0.1605859100818634
                ],
                [
                    0.0,
                    0.0,
                    0.0,
                    1.0
                ]
            ]
        },
        {
            "file_path": "0033.png",
            "transform_matrix": [
                [
                    -0.9822872281074524,
                    -0.06408819556236267,
                    0.1760808378458023,
                    0.12325658649206161
                ],
                [
                    0.187381312251091,
                    -0.33596205711364746,
                    0.9230480790138245,
                    0.6461336612701416
                ],
                [
                    0.0,
                    0.9396926760673523,
                    0.3420201539993286,
                    -0.1605859100818634
                ],
                [
                    0.0,
                    0.0,
                    0.0,
                    1.0
                ]
            ]
        },
        {
            "file_path": "0034.png",
            "transform_matrix": [
                [
                    -0.9892723560333252,
                    -0.049963340163230896,
                    0.1372731477022171,
                    0.09609120339155197
                ],
                [
                    0.1460830271244049,
                    -0.3383510708808899,
                    0.9296119213104248,
                    0.6507283449172974
                ],
                [
                    0.0,
                    0.9396926164627075,
                    0.3420201539993286,
                    -0.1605859100818634
                ],
                [
                    0.0,
                    0.0,
                    0.0,
                    1.0
                ]
            ]
        },
        {
            "file_path": "0035.png",
            "transform_matrix": [
                [
                    -0.9945218563079834,
                    -0.035750843584537506,
                    0.09822462499141693,
                    0.06875723600387573
                ],
                [
                    0.10452845692634583,
                    -0.340146541595459,
                    0.9345449209213257,
                    0.6541814208030701
                ],
                [
                    0.0,
                    0.9396926760673523,
                    0.3420201539993286,
                    -0.1605859100818634
                ],
                [
                    0.0,
                    0.0,
                    0.0,
                    1.0
                ]
            ]
        },
        {
            "file_path": "0036.png",
            "transform_matrix": [
                [
                    -0.9980267286300659,
                    -0.021475624293088913,
                    0.05900378152728081,
                    0.041302651166915894
                ],
                [
                    0.06279052048921585,
                    -0.34134525060653687,
                    0.9378383159637451,
                    0.6564868688583374
                ],
                [
                    0.0,
                    0.9396926760673523,
                    0.3420201241970062,
                    -0.1605859100818634
                ],
                [
                    0.0,
                    0.0,
                    0.0,
                    1.0
                ]
            ]
        },
        {
            "file_path": "0037.png",
            "transform_matrix": [
                [
                    -0.9997807145118713,
                    -0.0071627302095294,
                    0.019679438322782516,
                    0.013775606639683247
                ],
                [
                    0.02094242163002491,
                    -0.3419451415538788,
                    0.939486563205719,
                    0.6576405763626099
                ],
                [
                    0.0,
                    0.9396926760673523,
                    0.3420201539993286,
                    -0.1605859100818634
                ],
                [
                    0.0,
                    0.0,
                    0.0,
                    1.0
                ]
            ]
        },
        {
            "file_path": "0038.png",
            "transform_matrix": [
                [
                    -0.9997807145118713,
                    0.0071627302095294,
                    -0.019679438322782516,
                    -0.013775606639683247
                ],
                [
                    -0.02094242163002491,
                    -0.3419451415538788,
                    0.939486563205719,
                    0.6576405763626099
                ],
                [
                    0.0,
                    0.9396926760673523,
                    0.3420201539993286,
                    -0.1605859100818634
                ],
                [
                    0.0,
                    0.0,
                    0.0,
                    1.0
                ]
            ]
        },
        {
            "file_path": "0039.png",
            "transform_matrix": [
                [
                    -0.9980267286300659,
                    0.021475624293088913,
                    -0.05900378152728081,
                    -0.041302651166915894
                ],
                [
                    -0.06279052048921585,
                    -0.34134525060653687,
                    0.9378383159637451,
                    0.6564868688583374
                ],
                [
                    0.0,
                    0.9396926760673523,
                    0.3420201241970062,
                    -0.1605859100818634
                ],
                [
                    0.0,
                    0.0,
                    0.0,
                    1.0
                ]
            ]
        },
        {
            "file_path": "0040.png",
            "transform_matrix": [
                [
                    -0.9945218563079834,
                    0.035750843584537506,
                    -0.09822462499141693,
                    -0.06875723600387573
                ],
                [
                    -0.10452845692634583,
                    -0.340146541595459,
                    0.9345449209213257,
                    0.6541814208030701
                ],
                [
                    0.0,
                    0.9396926760673523,
                    0.3420201539993286,
                    -0.1605859100818634
                ],
                [
                    0.0,
                    0.0,
                    0.0,
                    1.0
                ]
            ]
        },
        {
            "file_path": "0041.png",
            "transform_matrix": [
                [
                    -0.9892723560333252,
                    0.049963340163230896,
                    -0.1372731477022171,
                    -0.09609120339155197
                ],
                [
                    -0.1460830271244049,
                    -0.3383510708808899,
                    0.9296119213104248,
                    0.6507283449172974
                ],
                [
                    0.0,
                    0.9396926164627075,
                    0.3420201539993286,
                    -0.1605859100818634
                ],
                [
                    0.0,
                    0.0,
                    0.0,
                    1.0
                ]
            ]
        },
        {
            "file_path": "0042.png",
            "transform_matrix": [
                [
                    -0.9822872281074524,
                    0.06408819556236267,
                    -0.1760808378458023,
                    -0.12325658649206161
                ],
                [
                    -0.187381312251091,
                    -0.33596205711364746,
                    0.9230480790138245,
                    0.6461336612701416
                ],
                [
                    0.0,
                    0.9396926760673523,
                    0.3420201539993286,
                    -0.1605859100818634
                ],
                [
                    0.0,
                    0.0,
                    0.0,
                    1.0
                ]
            ]
        },
        {
            "file_path": "0043.png",
            "transform_matrix": [
                [
                    -0.9735788702964783,
                    0.07810061424970627,
                    -0.21457964181900024,
                    -0.15020574629306793
                ],
                [
                    -0.22835089266300201,
                    -0.3329836130142212,
                    0.9148648977279663,
                    0.6404054164886475
                ],
                [
                    0.0,
                    0.9396926164627075,
                    0.3420201539993286,
                    -0.1605859100818634
                ],
                [
                    0.0,
                    0.0,
                    0.0,
                    1.0
                ]
            ]
        },
        {
            "file_path": "0044.png",
            "transform_matrix": [
                [
                    -0.9631625413894653,
                    0.09197600185871124,
                    -0.252701997756958,
                    -0.17689138650894165
                ],
                [
                    -0.26891982555389404,
                    -0.3294210135936737,
                    0.905076801776886,
                    0.6335537433624268
                ],
                [
                    0.0,
                    0.9396926164627075,
                    0.3420201539993286,
                    -0.1605859100818634
                ],
                [
                    0.0,
                    0.0,
                    0.0,
                    1.0
                ]
            ]
        },
        {
            "file_path": "0045.png",
            "transform_matrix": [
                [
                    -0.9510565400123596,
                    0.10569003224372864,
                    -0.29038098454475403,
                    -0.2032666951417923
                ],
                [
                    -0.30901697278022766,
                    -0.3252805173397064,
                    0.8937008380889893,
                    0.6255905628204346
                ],
                [
                    0.0,
                    0.9396926760673523,
                    0.3420201539993286,
                    -0.1605859100818634
                ],
                [
                    0.0,
                    0.0,
                    0.0,
                    1.0
                ]
            ]
        },
        {
            "file_path": "0046.png",
            "transform_matrix": [
                [
                    -0.9372820258140564,
                    0.11921866238117218,
                    -0.32755059003829956,
                    -0.22928540408611298
                ],
                [
                    -0.3485720455646515,
                    -0.32056933641433716,
                    0.8807569742202759,
                    0.6165298819541931
                ],
                [
                    0.0,
                    0.9396926164627075,
                    0.3420201539993286,
                    -0.1605859100818634
                ],
                [
                    0.0,
                    0.0,
                    0.0,
                    1.0
                ]
            ]
        },
        {
            "file_path": "0047.png",
            "transform_matrix": [
                [
                    -0.9218631386756897,
                    0.13253813982009888,
                    -0.36414554715156555,
                    -0.2549018859863281
                ],
                [
                    -0.3875155746936798,
                    -0.3152957856655121,
                    0.8662680387496948,
                    0.6063876152038574
                ],
                [
                    0.0,
                    0.9396926760673523,
                    0.3420201539993286,
                    -0.1605859100818634
                ],
                [
                    0.0,
                    0.0,
                    0.0,
                    1.0
                ]
            ]
        },
        {
            "file_path": "0048.png",
            "transform_matrix": [
                [
                    -0.9048270583152771,
                    0.14562509953975677,
                    -0.4001016914844513,
                    -0.2800711691379547
                ],
                [
                    -0.4257793128490448,
                    -0.3094691038131714,
                    0.8502593636512756,
                    0.5951815247535706
                ],
                [
                    0.0,
                    0.9396926760673523,
                    0.3420201539993286,
                    -0.1605859100818634
