{
    "frames": [
        {
            "file_path": "0000.png",
            "transform_matrix": [
                [
                    0.0,
                    -0.5,
                    0.8660253882408142,
                    0.6928203105926514
                ],
                [
                    1.0,
                    0.0,
                    0.0,
                    0.0
                ],
                [
                    0.0,
                    0.8660253882408142,
                    0.5,
                    0.20000000298023224
                ],
                [
                    0.0,
                    0.0,
                    0.0,
                    1.0
                ]
            ]
        },
        {
            "file_path": "0001.png",
            "transform_matrix": [
                [
                    -0.04187565669417381,
                    -0.4995614290237427,
                    0.8652657270431519,
                    0.6922125816345215
                ],
                [
                    0.9991227984428406,
                    -0.020937830209732056,
                    0.036265380680561066,
                    0.029012303799390793
                ],
                [
                    0.0,
                    0.8660253882408142,
                    0.5,
                    0.20000000298023224
                ],
                [
                    0.0,
                    0.0,
                    0.0,
                    1.0
                ]
            ]
        },
        {
            "file_path": "0002.png",
            "transform_matrix": [
                [
                    -0.08367783576250076,
                    -0.498246431350708,
                    0.8629881739616394,
                    0.6903905272483826
                ],
                [
                    0.996492862701416,
                    -0.04183891788125038,
                    0.0724671334028244,
                    0.0579737089574337
                ],
                [
                    0.0,
                    0.866025447845459,
                    0.5,
                    0.20000000298023224
                ],
                [
                    0.0,
                    0.0,
                    0.0,
                    1.0
                ]
            ]
        },
        {
            "file_path": "0003.png",
            "transform_matrix": [
                [
                    -0.12533323466777802,
                    -0.4960573613643646,
                    0.8591965436935425,
                    0.6873572468757629
                ],
                [
                    0.9921146631240845,
                    -0.0626666247844696,
                    0.10854176431894302,
                    0.0868334099650383
                ],
                [
                    0.0,
                    0.8660253882408142,
                    0.5,
                    0.20000000298023224
                ],
                [
                    0.0,
                    0.0,
                    0.0,
                    1.0
                ]
            ]
        },
        {
            "file_path": "0004.png",
            "transform_matrix": [
                [
                    -0.16676874458789825,
                    -0.49299800395965576,
                    0.8538976311683655,
                    0.6831181049346924
                ],
                [
                    0.9859960079193115,
                    -0.08338437229394913,
                    0.14442597329616547,
                    0.11554078012704849
                ],
                [
                    0.0,
                    0.8660253882408142,
                    0.5,
                    0.20000000298023224
                ],
                [
                    0.0,
                    0.0,
                    0.0,
                    1.0
                ]
            ]
        },
        {
            "file_path": "0005.png",
            "transform_matrix": [
                [
                    -0.2079116851091385,
                    -0.48907381296157837,
                    0.8471006751060486,
                    0.6776805520057678
                ],
                [
                    0.9781476259231567,
                    -0.10395584255456924,
                    0.18005679547786713,
                    0.14404544234275818
                ],
                [
                    0.0,
                    0.8660253882408142,
                    0.5,
                    0.20000000298023224
                ],
                [
                    0.0,
                    0.0,
                    0.0,
                    1.0
                ]
            ]
        },
        {
            "file_path": "0006.png",
            "transform_matrix": [
                [
                    -0.24868987500667572,
                    -0.48429158329963684,
                    0.8388176560401917,
                    0.6710541248321533
                ],
                [
                    0.9685831665992737,
                    -0.12434493750333786,
                    0.2153717577457428,
                    0.172297403216362
                ],
                [
                    0.0,
                    0.866025447845459,
                    0.5,
                    0.20000000298023224
                ],
                [
                    0.0,
                    0.0,
                    0.0,
                    1.0
                ]
            ]
        },
        {
            "file_path": "0007.png",
            "transform_matrix": [
                [
                    -0.2890318036079407,
                    -0.4786597490310669,
                    0.8290629982948303,
                    0.6632503867149353
                ],
                [
                    0.9573194980621338,
                    -0.14451590180397034,
                    0.2503088712692261,
                    0.20024710893630981
                ],
                [
                    0.0,
                    0.8660253882408142,
                    0.5,
                    0.20000000298023224
                ],
                [
                    0.0,
                    0.0,
                    0.0,
                    1.0
                ]
            ]
        },
        {
            "file_path": "0008.png",
            "transform_matrix": [
                [
                    -0.3288666307926178,
                    -0.47218820452690125,
                    0.8178539276123047,
                    0.6542831659317017
                ],
                [
                    0.9443764090538025,
                    -0.1644333153963089,
                    0.28480684757232666,
                    0.22784548997879028
                ],
                [
                    0.0,
                    0.8660253882408142,
                    0.5,
                    0.20000000298023224
                ],
                [
                    0.0,
                    0.0,
                    0.0,
                    1.0
                ]
            ]
        },
        {
            "file_path": "0009.png",
            "transform_matrix": [
                [
                    -0.3681245446205139,
                    -0.4648882746696472,
                    0.8052099943161011,
                    0.6441680192947388
                ],
                [
                    0.9297764897346497,
                    -0.18406228721141815,
                    0.31880518794059753,
                    0.255044162273407
                ],
                [
                    0.0,
                    0.8660253882408142,
                    0.5,
                    0.20000000298023224
                ],
                [
                    0.0,
                    0.0,
                    0.0,
                    1.0
                ]
            ]
        },
        {
            "file_path": "0010.png",
            "transform_matrix": [
                [
                    -0.4067366123199463,
                    -0.45677271485328674,
                    0.791153609752655,
                    0.632922887802124
                ],
                [
                    0.9135454297065735,
                    -0.20336830615997314,
                    0.3522442579269409,
                    0.2817954123020172
                ],
                [
                    0.0,
                    0.866025447845459,
                    0.5,
                    0.20000000298023224
                ],
                [
                    0.0,
                    0.0,
                    0.0,
                    1.0
                ]
            ]
        },
        {
            "file_path": "0011.png",
            "transform_matrix": [
                [
                    -0.44463521242141724,
                    -0.4478558897972107,
                    0.7757091522216797,
                    0.6205673217773438
                ],
                [
                    0.8957117795944214,
                    -0.22231760621070862,
                    0.38506537675857544,
                    0.30805230140686035
                ],
                [
                    0.0,
                    0.866025447845459,
                    0.5,
                    0.20000000298023224
                ],
                [
                    0.0,
                    0.0,
                    0.0,
                    1.0
                ]
            ]
        },
        {
            "file_path": "0012.png",
            "transform_matrix": [
                [
                    -0.4817536771297455,
                    -0.43815335631370544,
                    0.7589038610458374,
                    0.607123076915741
                ],
                [
                    0.8763067126274109,
                    -0.24087683856487274,
                    0.4172109067440033,
                    0.33376872539520264
                ],
                [
                    0.0,
                    0.866025447845459,
                    0.5,
                    0.20000000298023224
                ],
                [
                    0.0,
                    0.0,
                    0.0,
                    1.0
                ]
            ]
        },
        {
            "file_path": "0013.png",
            "transform_matrix": [
                [
                    -0.5180270075798035,
                    -0.42768213152885437,
                    0.7407671809196472,
                    0.5926137566566467
                ],
                [
                    0.8553642630577087,
                    -0.25901350378990173,
                    0.44862455129623413,
                    0.35889965295791626
                ],
                [
                    0.0,
                    0.8660253882408142,
                    0.5,
                    0.20000000298023224
                ],
                [
                    0.0,
                    0.0,
                    0.0,
                    1.0
                ]
            ]
        },
        {
            "file_path": "0014.png",
            "transform_matrix": [
                [
                    -0.5533915758132935,
                    -0.41646063327789307,
                    0.7213309407234192,
                    0.5770647525787354
                ],
                [
                    0.8329212665557861,
                    -0.27669578790664673,
                    0.4792511463165283,
                    0.38340091705322266
                ],
                [
                    0.0,
                    0.866025447845459,
                    0.5,
                    0.20000000298023224
                ],
                [
                    0.0,
                    0.0,
                    0.0,
                    1.0
                ]
            ]
        },
        {
            "file_path": "0015.png",
            "transform_matrix": [
                [
                    -0.5877852439880371,
                    -0.4045085310935974,
                    0.7006292939186096,
                    0.5605034232139587
                ],
                [
                    0.8090170621871948,
                    -0.29389262199401855,
                    0.5090369582176208,
                    0.40722957253456116
                ],
                [
                    0.0,
                    0.866025447845459,
                    0.5,
                    0.20000000298023224
                ],
                [
                    0.0,
                    0.0,
                    0.0,
                    1.0
                ]
            ]
        },
        {
            "file_path": "0016.png",
            "transform_matrix": [
                [
                    -0.6211478114128113,
                    -0.3918467164039612,
                    0.6786984205245972,
                    0.5429587364196777
                ],
                [
                    0.7836934328079224,
                    -0.31057390570640564,
                    0.5379297733306885,
                    0.4303438067436218
                ],
                [
                    0.0,
                    0.866025447845459,
                    0.5,
                    0.20000000298023224
                ],
                [
                    0.0,
                    0.0,
                    0.0,
                    1.0
                ]
            ]
        },
        {
            "file_path": "0017.png",
            "transform_matrix": [
                [
                    -0.653420627117157,
                    -0.37849754095077515,
                    0.6555769443511963,
                    0.524461567401886
                ],
                [
                    0.7569950819015503,
                    -0.3267103135585785,
                    0.5658788681030273,
                    0.4527030885219574
                ],
                [
                    0.0,
                    0.866025447845459,
                    0.5,
                    0.20000000298023224
                ],
                [
                    0.0,
                    0.0,
                    0.0,
                    1.0
                ]
            ]
        },
        {
            "file_path": "0018.png",
            "transform_matrix": [
                [
                    -0.6845471262931824,
                    -0.3644843101501465,
                    0.6313053369522095,
                    0.5050442814826965
                ],
                [
                    0.728968620300293,
                    -0.3422735631465912,
                    0.5928351879119873,
                    0.4742681384086609
                ],
                [
                    0.0,
                    0.8660253882408142,
                    0.5,
                    0.20000000298023224
                ],
                [
                    0.0,
                    0.0,
                    0.0,
                    1.0
                ]
            ]
        },
        {
            "file_path": "0019.png",
            "transform_matrix": [
                [
                    -0.7144726514816284,
                    -0.3498317003250122,
                    0.6059262156486511,
                    0.4847409725189209
                ],
                [
                    0.6996633410453796,
                    -0.3572363555431366,
                    0.6187514662742615,
                    0.4950011968612671
                ],
                [
                    0.0,
                    0.8660253882408142,
                    0.5,
                    0.20000000298023224
                ],
                [
                    0.0,
                    0.0,
                    0.0,
                    1.0
                ]
            ]
        },
        {
            "file_path": "0020.png",
            "transform_matrix": [
                [
                    -0.7431448101997375,
                    -0.33456531167030334,
                    0.5794841051101685,
                    0.46358728408813477
                ],
                [
                    0.6691306233406067,
                    -0.3715724050998688,
                    0.643582284450531,
                    0.5148658156394958
                ],
                [
                    0.0,
                    0.8660253882408142,
                    0.5,
                    0.20000000298023224
                ],
                [
                    0.0,
                    0.0,
                    0.0,
                    1.0
                ]
            ]
        },
        {
            "file_path": "0021.png",
            "transform_matrix": [
                [
                    -0.7705132365226746,
                    -0.3187119960784912,
                    0.5520253777503967,
                    0.4416202902793884
                ],
                [
                    0.6374239921569824,
                    -0.3852566182613373,
                    0.6672840714454651,
                    0.5338272452354431
                ],
                [
                    0.0,
                    0.866025447845459,
                    0.5,
                    0.20000000298023224
                ],
                [
                    0.0,
                    0.0,
                    0.0,
                    1.0
                ]
            ]
        },
        {
            "file_path": "0022.png",
            "transform_matrix": [
                [
                    -0.7965298891067505,
                    -0.3022995889186859,
                    0.5235981941223145,
                    0.41887855529785156
                ],
                [
                    0.604599118232727,
                    -0.39826497435569763,
                    0.689815104007721,
                    0.5518521070480347
                ],
                [
                    0.0,
                    0.8660253882408142,
                    0.5,
                    0.20000000298023224
                ],
                [
                    0.0,
                    0.0,
                    0.0,
                    1.0
                ]
            ]
        },
        {
            "file_path": "0023.png",
            "transform_matrix": [
                [
                    -0.8211492300033569,
                    -0.2853567898273468,
                    0.49425244331359863,
                    0.3954019546508789
                ],
                [
                    0.5707135796546936,
                    -0.41057461500167847,
                    0.7111361026763916,
                    0.5689088702201843
                ],
                [
                    0.0,
                    0.866025447845459,
                    0.5,
                    0.20000000298023224
                ],
                [
                    0.0,
                    0.0,
                    0.0,
                    1.0
                ]
            ]
        },
        {
            "file_path": "0024.png",
            "transform_matrix": [
                [
                    -0.844327986240387,
                    -0.2679133713245392,
                    0.4640396237373352,
                    0.37123170495033264
                ],
                [
                    0.5358268022537231,
                    -0.4221639335155487,
                    0.7312094569206238,
                    0.5849675536155701
                ],
                [
                    0.0,
                    0.8660253882408142,
                    0.5,
                    0.20000000298023224
                ],
                [
                    0.0,
                    0.0,
                    0.0,
                    1.0
                ]
            ]
        },
        {
            "file_path": "0025.png",
            "transform_matrix": [
                [
                    -0.866025447845459,
                    -0.25,
                    0.4330126941204071,
                    0.3464101552963257
                ],
                [
                    0.5,
                    -0.4330127239227295,
                    0.75,
                    0.6000000238418579
                ],
                [
                    0.0,
                    0.866025447845459,
                    0.5,
                    0.20000000298023224
                ],
                [
                    0.0,
                    0.0,
                    0.0,
                    1.0
                ]
            ]
        },
        {
            "file_path": "0026.png",
            "transform_matrix": [
                [
                    -0.8862035274505615,
                    -0.2316480129957199,
                    0.40122613310813904,
                    0.32098090648651123
                ],
                [
                    0.46329599618911743,
                    -0.44310179352760315,
                    0.7674748301506042,
                    0.6139798760414124
                ],
                [
                    0.0,
                    0.8660253882408142,
                    0.5,
                    0.20000000298023224
                ],
                [
                    0.0,
                    0.0,
                    0.0,
                    1.0
                ]
            ]
        },
        {
            "file_path": "0027.png",
            "transform_matrix": [
                [
                    -0.9048270583152771,
                    -0.2128896415233612,
                    0.368735671043396,
                    0.2949885427951813
                ],
                [
                    0.4257792830467224,
                    -0.45241352915763855,
                    0.7836031913757324,
                    0.6268825531005859
                ],
                [
                    0.0,
                    0.8660253882408142,
                    0.5,
                    0.20000000298023224
                ],
                [
                    0.0,
                    0.0,
                    0.0,
                    1.0
                ]
            ]
        },
        {
            "file_path": "0028.png",
            "transform_matrix": [
                [
                    -0.9218631386756897,
                    -0.1937577873468399,
                    0.33559831976890564,
                    0.268478661775589
                ],
                [
                    0.3875155746936798,
                    -0.46093156933784485,
                    0.7983568906784058,
                    0.6386855244636536
                ],
                [
                    0.0,
                    0.8660253882408142,
                    0.5,
                    0.20000000298023224
                ],
                [
                    0.0,
                    0.0,
                    0.0,
                    1.0
                ]
            ]
        },
        {
            "file_path": "0029.png",
            "transform_matrix": [
                [
                    -0.9372819662094116,
                    -0.17428602278232574,
                    0.30187225341796875,
                    0.24149779975414276
                ],
                [
                    0.3485720455646515,
                    -0.4686409831047058,
                    0.811710000038147,
                    0.6493679881095886
                ],
                [
                    0.0,
                    0.8660253882408142,
                    0.5,
                    0.20000000298023224
                ],
                [
                    0.0,
                    0.0,
                    0.0,
                    1.0
                ]
            ]
        },
        {
            "file_path": "0030.png",
            "transform_matrix": [
                [
                    -0.9510565400123596,
                    -0.15450850129127502,
                    0.2676165699958801,
                    0.21409325301647186
                ],
                [
                    0.30901700258255005,
                    -0.4755282700061798,
                    0.8236390948295593,
                    0.6589112877845764
                ],
                [
                    0.0,
                    0.8660253882408142,
                    0.5,
                    0.20000000298023224
                ],
                [
                    0.0,
                    0.0,
                    0.0,
                    1.0
                ]
            ]
        },
        {
            "file_path": "0031.png",
            "transform_matrix": [
                [
                    -0.9631626009941101,
                    -0.13445991277694702,
                    0.23289139568805695,
                    0.18631312251091003
                ],
                [
                    0.26891982555389404,
                    -0.48158130049705505,
                    0.8341232538223267,
                    0.6672986149787903
                ],
                [
                    0.0,
                    0.866025447845459,
                    0.5,
                    0.20000000298023224
                ],
                [
                    0.0,
                    0.0,
                    0.0,
                    1.0
                ]
            ]
        },
        {
            "file_path": "0032.png",
            "transform_matrix": [
                [
                    -0.973578929901123,
                    -0.11417543143033981,
                    0.19775764644145966,
                    0.15820612013339996
                ],
                [
                    0.22835086286067963,
                    -0.4867894649505615,
                    0.8431440591812134,
                    0.6745152473449707
                ],
                [
                    0.0,
                    0.866025447845459,
                    0.5,
                    0.20000000298023224
                ],
                [
                    0.0,
                    0.0,
                    0.0,
                    1.0
                ]
            ]
        },
        {
            "file_path": "0033.png",
            "transform_matrix": [
                [
                    -0.9822872877120972,
                    -0.0936906710267067,
                    0.1622769832611084,
                    0.12982158362865448
                ],
                [
                    0.1873813420534134,
                    -0.4911436438560486,
                    0.8506856560707092,
                    0.6805485486984253
                ],
                [
                    0.0,
                    0.8660253882408142,
                    0.5,
                    0.20000000298023224
                ],
                [
                    0.0,
                    0.0,
                    0.0,
                    1.0
                ]
            ]
        },
        {
            "file_path": "0034.png",
            "transform_matrix": [
                [
                    -0.9892723560333252,
                    -0.07304151356220245,
                    0.1265116035938263,
                    0.10120929032564163
                ],
                [
                    0.1460830271244049,
                    -0.4946361780166626,
                    0.8567349314689636,
                    0.6853879690170288
                ],
                [
                    0.0,
                    0.8660253882408142,
                    0.5,
                    0.20000000298023224
                ],
                [
                    0.0,
                    0.0,
                    0.0,
                    1.0
                ]
            ]
        },
        {
            "file_path": "0035.png",
            "transform_matrix": [
                [
                    -0.9945219159126282,
                    -0.05226423218846321,
                    0.09052430093288422,
                    0.07241944223642349
                ],
                [
                    0.10452846437692642,
                    -0.4972609579563141,
                    0.8612812161445618,
                    0.6890249848365784
                ],
                [
                    0.0,
                    0.8660253882408142,
                    0.5,
                    0.20000000298023224
                ],
                [
                    0.0,
                    0.0,
                    0.0,
                    1.0
                ]
            ]
        },
        {
            "file_path": "0036.png",
            "transform_matrix": [
                [
                    -0.9980267286300659,
                    -0.03139525651931763,
                    0.05437818169593811,
                    0.04350254684686661
                ],
                [
                    0.06279051303863525,
                    -0.49901336431503296,
                    0.8643165230751038,
                    0.691453218460083
                ],
                [
                    0.0,
                    0.866025447845459,
                    0.5,
                    0.20000000298023224
                ],
                [
                    0.0,
                    0.0,
                    0.0,
                    1.0
                ]
            ]
        },
        {
            "file_path": "0037.png",
            "transform_matrix": [
                [
                    -0.9997806549072266,
                    -0.010471208952367306,
                    0.01813666708767414,
                    0.014509334228932858
                ],
                [
                    0.02094241790473461,
                    -0.4998903274536133,
                    0.8658354878425598,
                    0.6926683783531189
                ],
                [
                    0.0,
                    0.8660253882408142,
                    0.5,
                    0.20000000298023224
                ],
                [
                    0.0,
                    0.0,
                    0.0,
                    1.0
                ]
            ]
        },
        {
            "file_path": "0038.png",
            "transform_matrix": [
                [
                    -0.9997806549072266,
                    0.010471208952367306,
                    -0.01813666708767414,
                    -0.014509334228932858
                ],
                [
                    -0.02094241790473461,
                    -0.4998903274536133,
                    0.8658354878425598,
                    0.6926683783531189
                ],
                [
                    0.0,
                    0.8660253882408142,
                    0.5,
                    0.20000000298023224
                ],
                [
                    0.0,
                    0.0,
                    0.0,
                    1.0
                ]
            ]
        },
        {
            "file_path": "0039.png",
            "transform_matrix": [
                [
                    -0.9980267286300659,
                    0.03139525651931763,
                    -0.05437818169593811,
                    -0.04350254684686661
                ],
                [
                    -0.06279051303863525,
                    -0.49901336431503296,
                    0.8643165230751038,
                    0.691453218460083
                ],
                [
                    0.0,
                    0.866025447845459,
                    0.5,
                    0.20000000298023224
                ],
                [
                    0.0,
                    0.0,
                    0.0,
                    1.0
                ]
            ]
        },
        {
            "file_path": "0040.png",
            "transform_matrix": [
                [
                    -0.9945219159126282,
                    0.05226423218846321,
                    -0.09052430093288422,
                    -0.07241944223642349
                ],
                [
                    -0.10452846437692642,
                    -0.4972609579563141,
                    0.8612812161445618,
                    0.6890249848365784
                ],
                [
                    0.0,
                    0.8660253882408142,
                    0.5,
                    0.20000000298023224
                ],
                [
                    0.0,
                    0.0,
                    0.0,
                    1.0
                ]
            ]
        },
        {
            "file_path": "0041.png",
            "transform_matrix": [
                [
                    -0.9892723560333252,
                    0.07304151356220245,
                    -0.1265116035938263,
                    -0.10120929032564163
                ],
                [
                    -0.1460830271244049,
                    -0.4946361780166626,
                    0.8567349314689636,
                    0.6853879690170288
                ],
                [
                    0.0,
                    0.8660253882408142,
                    0.5,
                    0.20000000298023224
                ],
                [
                    0.0,
                    0.0,
                    0.0,
                    1.0
                ]
            ]
        },
        {
            "file_path": "0042.png",
            "transform_matrix": [
                [
                    -0.9822872877120972,
                    0.0936906710267067,
                    -0.1622769832611084,
                    -0.12982158362865448
                ],
                [
                    -0.1873813420534134,
                    -0.4911436438560486,
                    0.8506856560707092,
                    0.6805485486984253
                ],
                [
                    0.0,
                    0.8660253882408142,
                    0.5,
                    0.20000000298023224
                ],
                [
                    0.0,
                    0.0,
                    0.0,
                    1.0
                ]
            ]
        },
        {
            "file_path": "0043.png",
            "transform_matrix": [
                [
                    -0.973578929901123,
                    0.11417543143033981,
                    -0.19775764644145966,
                    -0.15820612013339996
                ],
                [
                    -0.22835086286067963,
                    -0.4867894649505615,
                    0.8431440591812134,
                    0.6745152473449707
                ],
                [
                    0.0,
                    0.866025447845459,
                    0.5,
                    0.20000000298023224
                ],
                [
                    0.0,
                    0.0,
                    0.0,
                    1.0
                ]
            ]
        },
        {
            "file_path": "0044.png",
            "transform_matrix": [
                [
                    -0.9631626009941101,
                    0.13445991277694702,
                    -0.23289139568805695,
                    -0.18631312251091003
                ],
                [
                    -0.26891982555389404,
                    -0.48158130049705505,
                    0.8341232538223267,
                    0.6672986149787903
                ],
                [
                    0.0,
                    0.866025447845459,
                    0.5,
                    0.20000000298023224
                ],
                [
                    0.0,
                    0.0,
                    0.0,
                    1.0
                ]
            ]
        },
        {
            "file_path": "0045.png",
            "transform_matrix": [
                [
                    -0.9510565400123596,
                    0.15450850129127502,
                    -0.2676165699958801,
                    -0.21409325301647186
                ],
                [
                    -0.30901700258255005,
                    -0.4755282700061798,
                    0.8236390948295593,
                    0.6589112877845764
                ],
                [
                    0.0,
                    0.8660253882408142,
                    0.5,
                    0.20000000298023224
                ],
                [
                    0.0,
                    0.0,
                    0.0,
                    1.0
                ]
            ]
        },
        {
            "file_path": "0046.png",
            "transform_matrix": [
                [
                    -0.9372819662094116,
                    0.17428602278232574,
                    -0.30187225341796875,
                    -0.24149779975414276
                ],
                [
                    -0.3485720455646515,
                    -0.4686409831047058,
                    0.811710000038147,
                    0.6493679881095886
                ],
                [
                    0.0,
                    0.8660253882408142,
                    0.5,
                    0.20000000298023224
                ],
                [
                    0.0,
                    0.0,
                    0.0,
                    1.0
                ]
            ]
        },
        {
            "file_path": "0047.png",
            "transform_matrix": [
                [
                    -0.9218631386756897,
                    0.1937577873468399,
                    -0.33559831976890564,
                    -0.268478661775589
                ],
                [
                    -0.3875155746936798,
                    -0.46093156933784485,
                    0.7983568906784058,
                    0.6386855244636536
                ],
                [
                    0.0,
                    0.8660253882408142,
                    0.5,
                    0.20000000298023224
                ],
                [
                    0.0,
                    0.0,
                    0.0,
                    1.0
                ]
            ]
        },
        {
            "file_path": "0048.png",
            "transform_matrix": [
                [
                    -0.9048270583152771,
                    0.2128896415233612,
                    -0.368735671043396,
                    -0.2949885427951813
                ],
                [
                    -0.4257792830467224,
                    -0.45241352915763855,
                    0.7836031913757324,
                    0.6268825531005859
                ],
                [
                    0.0,
                    0.8660253882408142,
                    0.5,
                    0.20000000298023224
                ],
                [
                    0.0,
                    0.0,
                    0.0,
                    1.0
                ]
            ]
        },
        {
            "file_path": "0049.png",
            "transform_matrix": [
                [
                    -0.8862035274505615,
                    0.2316480129957199,
                    -0.40122613310813904,
                    -0.32098090648651123
                ],
                [
                    -0.46329599618911743,
                    -0.44310179352760315,
                    0.7674748301506042,
                    0.6139798760414124
                ],
                [
                    0.0,
                    0.8660253882408142,
                    0.5,
                    0.20000000298023224
                ],
