{
    "frames": [
        {
            "file_path": "0000.png",
            "transform_matrix": [
                [
                    0.0,
                    -0.4999999701976776,
                    0.8660253882408142,
                    0.6062178015708923
                ],
                [
                    1.0,
                    0.0,
                    0.0,
                    0.0
                ],
                [
                    0.0,
                    0.8660253882408142,
                    0.4999999701976776,
                    0.14999999105930328
                ],
                [
                    0.0,
                    0.0,
                    0.0,
                    1.0
                ]
            ]
        },
        {
            "file_path": "0001.png",
            "transform_matrix": [
                [
                    -0.04187565669417381,
                    -0.4995614290237427,
                    0.8652657270431519,
                    0.6056860089302063
                ],
                [
                    0.9991227984428406,
                    -0.020937830209732056,
                    0.036265380680561066,
                    0.025385765358805656
                ],
                [
                    0.0,
                    0.8660253882408142,
                    0.5,
                    0.14999999105930328
                ],
                [
                    0.0,
                    0.0,
                    0.0,
                    1.0
                ]
            ]
        },
        {
            "file_path": "0002.png",
            "transform_matrix": [
                [
                    -0.08367783576250076,
                    -0.498246431350708,
                    0.8629881739616394,
                    0.6040917038917542
                ],
                [
                    0.996492862701416,
                    -0.04183891788125038,
                    0.0724671334028244,
                    0.0507269948720932
                ],
                [
                    0.0,
                    0.866025447845459,
                    0.5,
                    0.14999999105930328
                ],
                [
                    0.0,
                    0.0,
                    0.0,
                    1.0
                ]
            ]
        },
        {
            "file_path": "0003.png",
            "transform_matrix": [
                [
                    -0.12533323466777802,
                    -0.4960573613643646,
                    0.8591965436935425,
                    0.6014375686645508
                ],
                [
                    0.9921146631240845,
                    -0.0626666247844696,
                    0.10854176431894302,
                    0.07597923278808594
                ],
                [
                    0.0,
                    0.8660253882408142,
                    0.5,
                    0.14999999105930328
                ],
                [
                    0.0,
                    0.0,
                    0.0,
                    1.0
                ]
            ]
        },
        {
            "file_path": "0004.png",
            "transform_matrix": [
                [
                    -0.16676874458789825,
                    -0.49299800395965576,
                    0.8538976311683655,
                    0.5977283120155334
                ],
                [
                    0.9859960079193115,
                    -0.08338437229394913,
                    0.14442597329616547,
                    0.10109817981719971
                ],
                [
                    0.0,
                    0.8660253882408142,
                    0.5,
                    0.14999999105930328
                ],
                [
                    0.0,
                    0.0,
                    0.0,
                    1.0
                ]
            ]
        },
        {
            "file_path": "0005.png",
            "transform_matrix": [
                [
                    -0.2079116702079773,
                    -0.48907381296157837,
                    0.8471007347106934,
                    0.5929704904556274
                ],
                [
                    0.9781476259231567,
                    -0.10395583510398865,
                    0.18005679547786713,
                    0.1260397583246231
                ],
                [
                    0.0,
                    0.866025447845459,
                    0.5,
                    0.14999999105930328
                ],
                [
                    0.0,
                    0.0,
                    0.0,
                    1.0
                ]
            ]
        },
        {
            "file_path": "0006.png",
            "transform_matrix": [
                [
                    -0.24868988990783691,
                    -0.48429158329963684,
                    0.8388176560401917,
                    0.5871723294258118
                ],
                [
                    0.9685831665992737,
                    -0.12434494495391846,
                    0.215371772646904,
                    0.1507602334022522
                ],
                [
                    0.0,
                    0.866025447845459,
                    0.5,
                    0.14999999105930328
                ],
                [
                    0.0,
                    0.0,
                    0.0,
                    1.0
                ]
            ]
        },
        {
            "file_path": "0007.png",
            "transform_matrix": [
                [
                    -0.2890318036079407,
                    -0.4786597490310669,
                    0.8290629982948303,
                    0.5803440809249878
                ],
                [
                    0.9573194980621338,
                    -0.14451590180397034,
                    0.2503088712692261,
                    0.1752162128686905
                ],
                [
                    0.0,
                    0.8660253882408142,
                    0.5,
                    0.14999999105930328
                ],
                [
                    0.0,
                    0.0,
                    0.0,
                    1.0
                ]
            ]
        },
        {
            "file_path": "0008.png",
            "transform_matrix": [
                [
                    -0.3288666605949402,
                    -0.47218820452690125,
                    0.8178539276123047,
                    0.5724977254867554
                ],
                [
                    0.9443764090538025,
                    -0.1644333302974701,
                    0.28480687737464905,
                    0.1993648111820221
                ],
                [
                    0.0,
                    0.866025447845459,
                    0.5,
                    0.14999999105930328
                ],
                [
                    0.0,
                    0.0,
                    0.0,
                    1.0
                ]
            ]
        },
        {
            "file_path": "0009.png",
            "transform_matrix": [
                [
                    -0.3681245744228363,
                    -0.46488824486732483,
                    0.8052100539207458,
                    0.5636470317840576
                ],
                [
                    0.9297764897346497,
                    -0.18406228721141815,
                    0.3188052177429199,
                    0.2231636494398117
                ],
                [
                    0.0,
                    0.866025447845459,
                    0.5,
                    0.14999999105930328
                ],
                [
                    0.0,
                    0.0,
                    0.0,
                    1.0
                ]
            ]
        },
        {
            "file_path": "0010.png",
            "transform_matrix": [
                [
                    -0.4067366421222687,
                    -0.45677271485328674,
                    0.791153609752655,
                    0.5538074970245361
                ],
                [
                    0.9135454297065735,
                    -0.20336832106113434,
                    0.3522442877292633,
                    0.24657098948955536
                ],
                [
                    0.0,
                    0.866025447845459,
                    0.5,
                    0.14999999105930328
                ],
                [
                    0.0,
                    0.0,
                    0.0,
                    1.0
                ]
            ]
        },
        {
            "file_path": "0011.png",
            "transform_matrix": [
                [
                    -0.44463521242141724,
                    -0.4478558897972107,
                    0.7757091522216797,
                    0.5429964065551758
                ],
                [
                    0.8957117795944214,
                    -0.22231760621070862,
                    0.38506537675857544,
                    0.2695457637310028
                ],
                [
                    0.0,
                    0.866025447845459,
                    0.5,
                    0.14999999105930328
                ],
                [
                    0.0,
                    0.0,
                    0.0,
                    1.0
                ]
            ]
        },
        {
            "file_path": "0012.png",
            "transform_matrix": [
                [
                    -0.4817536771297455,
                    -0.43815335631370544,
                    0.7589038014411926,
                    0.5312327146530151
                ],
                [
                    0.8763066530227661,
                    -0.24087685346603394,
                    0.4172109067440033,
                    0.2920476496219635
                ],
                [
                    0.0,
                    0.866025447845459,
                    0.4999999701976776,
                    0.14999999105930328
                ],
                [
                    0.0,
                    0.0,
                    0.0,
                    1.0
                ]
            ]
        },
        {
            "file_path": "0013.png",
            "transform_matrix": [
                [
                    -0.5180270075798035,
                    -0.42768213152885437,
                    0.740767240524292,
                    0.5185370445251465
                ],
                [
                    0.8553642630577087,
                    -0.25901350378990173,
                    0.44862455129623413,
                    0.31403717398643494
                ],
                [
                    0.0,
                    0.866025447845459,
                    0.5,
                    0.14999999105930328
                ],
                [
                    0.0,
                    0.0,
                    0.0,
                    1.0
                ]
            ]
        },
        {
            "file_path": "0014.png",
            "transform_matrix": [
                [
                    -0.5533915162086487,
                    -0.41646063327789307,
                    0.721331000328064,
                    0.5049316883087158
                ],
                [
                    0.8329212665557861,
                    -0.27669575810432434,
                    0.4792511463165283,
                    0.3354758024215698
                ],
                [
                    0.0,
                    0.866025447845459,
                    0.5,
                    0.14999999105930328
                ],
                [
                    0.0,
                    0.0,
                    0.0,
                    1.0
                ]
            ]
        },
        {
            "file_path": "0015.png",
            "transform_matrix": [
                [
                    -0.5877852439880371,
                    -0.4045085310935974,
                    0.7006292939186096,
                    0.4904404878616333
                ],
                [
                    0.8090170621871948,
                    -0.29389262199401855,
                    0.5090369582176208,
                    0.3563258647918701
                ],
                [
                    0.0,
                    0.866025447845459,
                    0.5,
                    0.14999999105930328
                ],
                [
                    0.0,
                    0.0,
                    0.0,
                    1.0
                ]
            ]
        },
        {
            "file_path": "0016.png",
            "transform_matrix": [
                [
                    -0.6211477518081665,
                    -0.3918467164039612,
                    0.6786984801292419,
                    0.4750889241695404
                ],
                [
                    0.7836934328079224,
                    -0.31057387590408325,
                    0.5379297733306885,
                    0.3765508234500885
                ],
                [
                    0.0,
                    0.8660253882408142,
                    0.5,
                    0.14999999105930328
                ],
                [
                    0.0,
                    0.0,
                    0.0,
                    1.0
                ]
            ]
        },
        {
            "file_path": "0017.png",
            "transform_matrix": [
                [
                    -0.653420627117157,
                    -0.37849748134613037,
                    0.6555770039558411,
                    0.45890387892723083
                ],
                [
                    0.7569950819015503,
                    -0.3267102837562561,
                    0.5658788681030273,
                    0.39611518383026123
                ],
                [
                    0.0,
                    0.8660253882408142,
                    0.5,
                    0.14999999105930328
                ],
                [
                    0.0,
                    0.0,
                    0.0,
                    1.0
                ]
            ]
        },
        {
            "file_path": "0018.png",
            "transform_matrix": [
                [
                    -0.6845470666885376,
                    -0.3644843101501465,
                    0.6313053965568542,
                    0.44191375374794006
                ],
                [
                    0.728968620300293,
                    -0.3422735333442688,
                    0.5928351879119873,
                    0.41498464345932007
                ],
                [
                    0.0,
                    0.866025447845459,
                    0.5,
                    0.14999999105930328
                ],
                [
                    0.0,
                    0.0,
                    0.0,
                    1.0
                ]
            ]
        },
        {
            "file_path": "0019.png",
            "transform_matrix": [
                [
                    -0.7144726514816284,
                    -0.3498317003250122,
                    0.6059262156486511,
                    0.4241483509540558
                ],
                [
                    0.6996633410453796,
                    -0.3572363555431366,
                    0.6187514662742615,
                    0.4331260323524475
                ],
                [
                    0.0,
                    0.8660253882408142,
                    0.5,
                    0.14999999105930328
                ],
                [
                    0.0,
                    0.0,
                    0.0,
                    1.0
                ]
            ]
        },
        {
            "file_path": "0020.png",
            "transform_matrix": [
                [
                    -0.7431448101997375,
                    -0.33456531167030334,
                    0.5794841051101685,
                    0.4056388735771179
                ],
                [
                    0.6691306233406067,
                    -0.3715724050998688,
                    0.643582284450531,
                    0.45050761103630066
                ],
                [
                    0.0,
                    0.8660253882408142,
                    0.5,
                    0.14999999105930328
                ],
                [
                    0.0,
                    0.0,
                    0.0,
                    1.0
                ]
            ]
        },
        {
            "file_path": "0021.png",
            "transform_matrix": [
                [
                    -0.7705132365226746,
                    -0.3187119960784912,
                    0.5520253777503967,
                    0.3864177465438843
                ],
                [
                    0.6374239921569824,
                    -0.3852566182613373,
                    0.6672840714454651,
                    0.46709883213043213
                ],
                [
                    0.0,
                    0.866025447845459,
                    0.5,
                    0.14999999105930328
                ],
                [
                    0.0,
                    0.0,
                    0.0,
                    1.0
                ]
            ]
        },
        {
            "file_path": "0022.png",
            "transform_matrix": [
                [
                    -0.7965299487113953,
                    -0.3022995591163635,
                    0.5235981941223145,
                    0.3665187358856201
                ],
                [
                    0.604599118232727,
                    -0.39826497435569763,
                    0.6898151636123657,
                    0.48287060856819153
                ],
                [
                    0.0,
                    0.866025447845459,
                    0.5,
                    0.14999999105930328
                ],
                [
                    0.0,
                    0.0,
                    0.0,
                    1.0
                ]
            ]
        },
        {
            "file_path": "0023.png",
            "transform_matrix": [
                [
                    -0.8211492300033569,
                    -0.2853567898273468,
                    0.49425244331359863,
                    0.34597671031951904
                ],
                [
                    0.5707135796546936,
                    -0.41057461500167847,
                    0.7111361026763916,
                    0.4977952539920807
                ],
                [
                    0.0,
                    0.866025447845459,
                    0.5,
                    0.14999999105930328
                ],
                [
                    0.0,
                    0.0,
                    0.0,
                    1.0
                ]
            ]
        },
        {
            "file_path": "0024.png",
            "transform_matrix": [
                [
                    -0.844327986240387,
                    -0.2679133713245392,
                    0.4640396237373352,
                    0.32482773065567017
                ],
                [
                    0.5358268022537231,
                    -0.4221639335155487,
                    0.7312094569206238,
                    0.5118466019630432
                ],
                [
                    0.0,
                    0.8660253882408142,
                    0.5,
                    0.14999999105930328
                ],
                [
                    0.0,
                    0.0,
                    0.0,
                    1.0
                ]
            ]
        },
        {
            "file_path": "0025.png",
            "transform_matrix": [
                [
                    -0.866025447845459,
                    -0.2500000298023224,
                    0.4330127239227295,
                    0.30310890078544617
                ],
                [
                    0.5000000596046448,
                    -0.4330127239227295,
                    0.75,
                    0.5249999761581421
                ],
                [
                    0.0,
                    0.866025447845459,
                    0.5,
                    0.14999999105930328
                ],
                [
                    0.0,
                    0.0,
                    0.0,
                    1.0
                ]
            ]
        },
        {
            "file_path": "0026.png",
            "transform_matrix": [
                [
                    -0.8862035274505615,
                    -0.2316480576992035,
                    0.4012261629104614,
                    0.2808583080768585
                ],
                [
                    0.4632960855960846,
                    -0.44310179352760315,
                    0.7674747705459595,
                    0.5372323393821716
                ],
                [
                    0.0,
                    0.8660253882408142,
                    0.5,
                    0.14999999105930328
                ],
                [
                    0.0,
                    0.0,
                    0.0,
                    1.0
                ]
            ]
        },
        {
            "file_path": "0027.png",
            "transform_matrix": [
                [
                    -0.9048270583152771,
                    -0.2128896415233612,
                    0.368735671043396,
                    0.2581149637699127
                ],
                [
                    0.4257792830467224,
                    -0.45241352915763855,
                    0.7836031913757324,
                    0.5485222339630127
                ],
                [
                    0.0,
                    0.8660253882408142,
                    0.5,
                    0.14999999105930328
                ],
                [
                    0.0,
                    0.0,
                    0.0,
                    1.0
                ]
            ]
        },
        {
            "file_path": "0028.png",
            "transform_matrix": [
                [
                    -0.9218631386756897,
                    -0.1937578022480011,
                    0.335598349571228,
                    0.23491883277893066
                ],
                [
                    0.3875156044960022,
                    -0.46093156933784485,
                    0.7983568906784058,
                    0.5588498115539551
                ],
                [
                    0.0,
                    0.8660253882408142,
                    0.5,
                    0.14999999105930328
                ],
                [
                    0.0,
                    0.0,
                    0.0,
                    1.0
                ]
            ]
        },
        {
            "file_path": "0029.png",
            "transform_matrix": [
                [
                    -0.9372819662094116,
                    -0.17428602278232574,
                    0.30187225341796875,
                    0.21131058037281036
                ],
                [
                    0.3485720455646515,
                    -0.4686409831047058,
                    0.8117100596427917,
                    0.5681970119476318
                ],
                [
                    0.0,
                    0.866025447845459,
                    0.5,
                    0.14999999105930328
                ],
                [
                    0.0,
                    0.0,
                    0.0,
                    1.0
                ]
            ]
        },
        {
            "file_path": "0030.png",
            "transform_matrix": [
                [
                    -0.9510565400123596,
                    -0.15450848639011383,
                    0.2676165699958801,
                    0.18733160197734833
                ],
                [
                    0.30901697278022766,
                    -0.4755282700061798,
                    0.8236391544342041,
                    0.576547384262085
                ],
                [
                    0.0,
                    0.866025447845459,
                    0.5,
                    0.14999999105930328
                ],
                [
                    0.0,
                    0.0,
                    0.0,
                    1.0
                ]
            ]
        },
        {
            "file_path": "0031.png",
            "transform_matrix": [
                [
                    -0.9631626009941101,
                    -0.13445991277694702,
                    0.23289139568805695,
                    0.16302397847175598
                ],
                [
                    0.26891982555389404,
                    -0.48158130049705505,
                    0.8341232538223267,
                    0.5838862657546997
                ],
                [
                    0.0,
                    0.866025447845459,
                    0.5,
                    0.14999999105930328
                ],
                [
                    0.0,
                    0.0,
                    0.0,
                    1.0
                ]
            ]
        },
        {
            "file_path": "0032.png",
            "transform_matrix": [
                [
                    -0.973578929901123,
                    -0.11417543888092041,
                    0.19775766134262085,
                    0.13843035697937012
                ],
                [
                    0.22835087776184082,
                    -0.4867894649505615,
                    0.8431440591812134,
                    0.5902008414268494
                ],
                [
                    0.0,
                    0.866025447845459,
                    0.5,
                    0.14999999105930328
                ],
                [
                    0.0,
                    0.0,
                    0.0,
                    1.0
                ]
            ]
        },
        {
            "file_path": "0033.png",
            "transform_matrix": [
                [
                    -0.9822872877120972,
                    -0.0936906486749649,
                    0.1622769683599472,
                    0.11359388381242752
                ],
                [
                    0.187381312251091,
                    -0.4911436140537262,
                    0.850685715675354,
                    0.5954800248146057
                ],
                [
                    0.0,
                    0.866025447845459,
                    0.4999999701976776,
                    0.14999999105930328
                ],
                [
                    0.0,
                    0.0,
                    0.0,
                    1.0
                ]
            ]
        },
        {
            "file_path": "0034.png",
            "transform_matrix": [
                [
                    -0.9892722964286804,
                    -0.07304152846336365,
                    0.1265116184949875,
                    0.088558129966259
                ],
                [
                    0.1460830420255661,
                    -0.4946361780166626,
                    0.8567349314689636,
                    0.599714457988739
                ],
                [
                    0.0,
                    0.8660253882408142,
                    0.5,
                    0.14999999105930328
                ],
                [
                    0.0,
                    0.0,
                    0.0,
                    1.0
                ]
            ]
        },
        {
            "file_path": "0035.png",
            "transform_matrix": [
                [
                    -0.9945219159126282,
                    -0.05226423218846321,
                    0.09052430838346481,
                    0.06336701661348343
                ],
                [
                    0.10452846437692642,
                    -0.4972609579563141,
                    0.8612812757492065,
                    0.6028968691825867
                ],
                [
                    0.0,
                    0.866025447845459,
                    0.5,
                    0.14999999105930328
                ],
                [
                    0.0,
                    0.0,
                    0.0,
                    1.0
                ]
            ]
        },
        {
            "file_path": "0036.png",
            "transform_matrix": [
                [
                    -0.9980267286300659,
                    -0.031395260244607925,
                    0.05437818542122841,
                    0.038064729422330856
                ],
                [
                    0.06279052048921585,
                    -0.49901336431503296,
                    0.8643165230751038,
                    0.6050215363502502
                ],
                [
                    0.0,
                    0.866025447845459,
                    0.5,
                    0.14999999105930328
                ],
                [
                    0.0,
                    0.0,
                    0.0,
                    1.0
                ]
            ]
        },
        {
            "file_path": "0037.png",
            "transform_matrix": [
                [
                    -0.9997806549072266,
                    -0.010471208952367306,
                    0.01813666708767414,
                    0.012695667333900928
                ],
                [
                    0.02094241790473461,
                    -0.4998903274536133,
                    0.8658354878425598,
                    0.6060848236083984
                ],
                [
                    0.0,
                    0.8660253882408142,
                    0.5,
                    0.14999999105930328
                ],
                [
                    0.0,
                    0.0,
                    0.0,
                    1.0
                ]
            ]
        },
        {
            "file_path": "0038.png",
            "transform_matrix": [
                [
                    -0.9997806549072266,
                    0.010471208952367306,
                    -0.01813666708767414,
                    -0.012695667333900928
                ],
                [
                    -0.02094241790473461,
                    -0.4998903274536133,
                    0.8658354878425598,
                    0.6060848236083984
                ],
                [
                    0.0,
                    0.8660253882408142,
                    0.5,
                    0.14999999105930328
                ],
                [
                    0.0,
                    0.0,
                    0.0,
                    1.0
                ]
            ]
        },
        {
            "file_path": "0039.png",
            "transform_matrix": [
                [
                    -0.9980267286300659,
                    0.031395260244607925,
                    -0.05437818542122841,
                    -0.038064729422330856
                ],
                [
                    -0.06279052048921585,
                    -0.49901336431503296,
                    0.8643165230751038,
                    0.6050215363502502
                ],
                [
                    0.0,
                    0.866025447845459,
                    0.5,
                    0.14999999105930328
                ],
                [
                    0.0,
                    0.0,
                    0.0,
                    1.0
                ]
            ]
        },
        {
            "file_path": "0040.png",
            "transform_matrix": [
                [
                    -0.9945219159126282,
                    0.05226423218846321,
                    -0.09052430838346481,
                    -0.06336701661348343
                ],
                [
                    -0.10452846437692642,
                    -0.4972609579563141,
                    0.8612812757492065,
                    0.6028968691825867
                ],
                [
                    0.0,
                    0.866025447845459,
                    0.5,
                    0.14999999105930328
                ],
                [
                    0.0,
                    0.0,
                    0.0,
                    1.0
                ]
            ]
        },
        {
            "file_path": "0041.png",
            "transform_matrix": [
                [
                    -0.9892722964286804,
                    0.07304152846336365,
                    -0.1265116184949875,
                    -0.088558129966259
                ],
                [
                    -0.1460830420255661,
                    -0.4946361780166626,
                    0.8567349314689636,
                    0.599714457988739
                ],
                [
                    0.0,
                    0.8660253882408142,
                    0.5,
                    0.14999999105930328
                ],
                [
                    0.0,
                    0.0,
                    0.0,
                    1.0
                ]
            ]
        },
        {
            "file_path": "0042.png",
            "transform_matrix": [
                [
                    -0.9822872877120972,
                    0.0936906486749649,
                    -0.1622769683599472,
                    -0.11359388381242752
                ],
                [
                    -0.187381312251091,
                    -0.4911436140537262,
                    0.850685715675354,
                    0.5954800248146057
                ],
                [
                    0.0,
                    0.866025447845459,
                    0.4999999701976776,
                    0.14999999105930328
                ],
                [
                    0.0,
                    0.0,
                    0.0,
                    1.0
                ]
            ]
        },
        {
            "file_path": "0043.png",
            "transform_matrix": [
                [
                    -0.973578929901123,
                    0.11417543888092041,
                    -0.19775766134262085,
                    -0.13843035697937012
                ],
                [
                    -0.22835087776184082,
                    -0.4867894649505615,
                    0.8431440591812134,
                    0.5902008414268494
                ],
                [
                    0.0,
                    0.866025447845459,
                    0.5,
                    0.14999999105930328
                ],
                [
                    0.0,
                    0.0,
                    0.0,
                    1.0
                ]
            ]
        },
        {
            "file_path": "0044.png",
            "transform_matrix": [
                [
                    -0.9631626009941101,
                    0.13445991277694702,
                    -0.23289139568805695,
                    -0.16302397847175598
                ],
                [
                    -0.26891982555389404,
                    -0.48158130049705505,
                    0.8341232538223267,
                    0.5838862657546997
                ],
                [
                    0.0,
                    0.866025447845459,
                    0.5,
                    0.14999999105930328
                ],
                [
                    0.0,
                    0.0,
                    0.0,
                    1.0
                ]
            ]
        },
        {
            "file_path": "0045.png",
            "transform_matrix": [
                [
                    -0.9510565400123596,
                    0.15450848639011383,
                    -0.2676165699958801,
                    -0.18733160197734833
                ],
                [
                    -0.30901697278022766,
                    -0.4755282700061798,
                    0.8236391544342041,
                    0.576547384262085
                ],
                [
                    0.0,
                    0.866025447845459,
                    0.5,
                    0.14999999105930328
                ],
                [
                    0.0,
                    0.0,
                    0.0,
                    1.0
                ]
            ]
        },
        {
            "file_path": "0046.png",
            "transform_matrix": [
                [
                    -0.9372819662094116,
                    0.17428602278232574,
                    -0.30187225341796875,
                    -0.21131058037281036
                ],
                [
                    -0.3485720455646515,
                    -0.4686409831047058,
                    0.8117100596427917,
                    0.5681970119476318
                ],
                [
                    0.0,
                    0.866025447845459,
                    0.5,
                    0.14999999105930328
                ],
                [
                    0.0,
                    0.0,
                    0.0,
                    1.0
                ]
            ]
        },
        {
            "file_path": "0047.png",
            "transform_matrix": [
                [
                    -0.9218631386756897,
                    0.1937578022480011,
                    -0.335598349571228,
                    -0.23491883277893066
                ],
                [
                    -0.3875156044960022,
                    -0.46093156933784485,
                    0.7983568906784058,
                    0.5588498115539551
                ],
                [
                    0.0,
                    0.8660253882408142,
                    0.5,
                    0.14999999105930328
                ],
                [
                    0.0,
                    0.0,
                    0.0,
                    1.0
                ]
            ]
        },
        {
            "file_path": "0048.png",
            "transform_matrix": [
                [
                    -0.9048270583152771,
                    0.2128896415233612,
                    -0.368735671043396,
                    -0.2581149637699127
                ],
                [
                    -0.4257792830467224,
                    -0.45241352915763855,
                    0.7836031913757324,
                    0.5485222339630127
                ],
                [
                    0.0,
                    0.8660253882408142,
                    0.5,
                    0.14999999105930328
                ],
                [
                    0.0,
                    0.0,
                    0.0,
                    1.0
                ]
            ]
        },
        {
            "file_path": "0049.png",
            "transform_matrix": [
                [
                    -0.8862035274505615,
                    0.2316480576992035,
                    -0.4012261629104614,
                    -0.2808583080768585
                ],
                [
                    -0.4632960855960846,
                    -0.44310179352760315,
                    0.7674747705459595,
                    0.5372323393821716
                ],
                [
                    0.0,
                    0.8660253882408142,
