{
    "frames": [
        {
            "file_path": "0000.png",
            "transform_matrix": [
                [
                    0.0,
                    -0.2588190734386444,
                    0.9659258127212524,
                    0.7727406620979309
                ],
                [
                    1.0,
                    0.0,
                    0.0,
                    0.0
                ],
                [
                    0.0,
                    0.9659258723258972,
                    0.258819043636322,
                    0.10705523937940598
                ],
                [
                    0.0,
                    0.0,
                    0.0,
                    1.0
                ]
            ]
        },
        {
            "file_path": "0001.png",
            "transform_matrix": [
                [
                    -0.041875652968883514,
                    -0.25859200954437256,
                    0.9650785326957703,
                    0.7720628380775452
                ],
                [
                    0.9991228580474854,
                    -0.010838216170668602,
                    0.04044877365231514,
                    0.03235901892185211
                ],
                [
                    0.0,
                    0.9659258723258972,
                    0.258819043636322,
                    0.10705523937940598
                ],
                [
                    0.0,
                    0.0,
                    0.0,
                    1.0
                ]
            ]
        },
        {
            "file_path": "0002.png",
            "transform_matrix": [
                [
                    -0.08367784321308136,
                    -0.25791135430336,
                    0.9625381827354431,
                    0.7700305581092834
                ],
                [
                    0.996492862701416,
                    -0.021657420322299004,
                    0.08082658797502518,
                    0.06466127187013626
                ],
                [
                    0.0,
                    0.9659258723258972,
                    0.258819043636322,
                    0.10705523937940598
                ],
                [
                    0.0,
                    0.0,
                    0.0,
                    1.0
                ]
            ]
        },
        {
            "file_path": "0003.png",
            "transform_matrix": [
                [
                    -0.12533321976661682,
                    -0.25677821040153503,
                    0.9583092331886292,
                    0.7666473984718323
                ],
                [
                    0.9921147227287292,
                    -0.03243862837553024,
                    0.12106259912252426,
                    0.09685008227825165
                ],
                [
                    0.0,
                    0.9659258723258972,
                    0.258819043636322,
                    0.10705523937940598
                ],
                [
                    0.0,
                    0.0,
                    0.0,
                    1.0
                ]
            ]
        },
        {
            "file_path": "0004.png",
            "transform_matrix": [
                [
                    -0.16676875948905945,
                    -0.2551945745944977,
                    0.9523990154266357,
                    0.7619192004203796
                ],
                [
                    0.9859960079193115,
                    -0.043162934482097626,
                    0.16108624637126923,
                    0.12886899709701538
                ],
                [
                    0.0,
                    0.9659258723258972,
                    0.258819043636322,
                    0.10705523937940598
                ],
                [
                    0.0,
                    0.0,
                    0.0,
                    1.0
                ]
            ]
        },
        {
            "file_path": "0005.png",
            "transform_matrix": [
                [
                    -0.20791170001029968,
                    -0.25316321849823,
                    0.9448180198669434,
                    0.7558544278144836
                ],
                [
                    0.9781476259231567,
                    -0.053811509162187576,
                    0.20082727074623108,
                    0.16066181659698486
                ],
                [
                    0.0,
                    0.9659258723258972,
                    0.258819043636322,
                    0.10705523937940598
                ],
                [
                    0.0,
                    0.0,
                    0.0,
                    1.0
                ]
            ]
        },
        {
            "file_path": "0006.png",
            "transform_matrix": [
                [
                    -0.24868987500667572,
                    -0.2506878077983856,
                    0.9355794787406921,
                    0.7484635710716248
                ],
                [
                    0.9685831665992737,
                    -0.0643656849861145,
                    0.2402159720659256,
                    0.19217278063297272
                ],
                [
                    0.0,
                    0.9659258723258972,
                    0.258819043636322,
                    0.10705523937940598
                ],
                [
                    0.0,
                    0.0,
                    0.0,
                    1.0
                ]
            ]
        },
        {
            "file_path": "0007.png",
            "transform_matrix": [
                [
                    -0.2890318036079407,
                    -0.24777252972126007,
                    0.924699604511261,
                    0.7397596836090088
                ],
                [
                    0.9573195576667786,
                    -0.07480693608522415,
                    0.2791832685470581,
                    0.22334662079811096
                ],
                [
                    0.0,
                    0.9659258723258972,
                    0.258819043636322,
                    0.10705523937940598
                ],
                [
                    0.0,
                    0.0,
                    0.0,
                    1.0
                ]
            ]
        },
        {
            "file_path": "0008.png",
            "transform_matrix": [
                [
                    -0.3288666307926178,
                    -0.24442259967327118,
                    0.9121975302696228,
                    0.7297580242156982
                ],
                [
                    0.9443764090538025,
                    -0.08511694520711899,
                    0.31766077876091003,
                    0.254128634929657
                ],
                [
                    0.0,
                    0.9659258723258972,
                    0.258819043636322,
                    0.10705523937940598
                ],
                [
                    0.0,
                    0.0,
                    0.0,
                    1.0
                ]
            ]
        },
        {
            "file_path": "0009.png",
            "transform_matrix": [
                [
                    -0.3681245744228363,
                    -0.24064385890960693,
                    0.8980951309204102,
                    0.7184761166572571
                ],
                [
                    0.9297764897346497,
                    -0.09527765214443207,
                    0.35558101534843445,
                    0.2844648063182831
                ],
                [
                    0.0,
                    0.9659258723258972,
                    0.258819043636322,
                    0.10705523937940598
                ],
                [
                    0.0,
                    0.0,
                    0.0,
                    1.0
                ]
            ]
        },
        {
            "file_path": "0010.png",
            "transform_matrix": [
                [
                    -0.4067366123199463,
                    -0.2364429384469986,
                    0.8824172019958496,
                    0.7059337496757507
                ],
                [
                    0.9135454893112183,
                    -0.10527116805315018,
                    0.3928774297237396,
                    0.3143019378185272
                ],
                [
                    0.0,
                    0.9659258127212524,
                    0.258819043636322,
                    0.10705523937940598
                ],
                [
                    0.0,
                    0.0,
                    0.0,
                    1.0
                ]
            ]
        },
        {
            "file_path": "0011.png",
            "transform_matrix": [
                [
                    -0.44463518261909485,
                    -0.2318272590637207,
                    0.8651911616325378,
                    0.6921529173851013
                ],
                [
                    0.8957118391990662,
                    -0.11508003622293472,
                    0.42948460578918457,
                    0.3435876965522766
                ],
                [
                    0.0,
                    0.9659258127212524,
                    0.258819043636322,
                    0.10705523937940598
                ],
                [
                    0.0,
                    0.0,
                    0.0,
                    1.0
                ]
            ]
        },
        {
            "file_path": "0012.png",
            "transform_matrix": [
                [
                    -0.4817536473274231,
                    -0.22680486738681793,
                    0.8464472889900208,
                    0.6771578192710876
                ],
                [
                    0.8763067126274109,
                    -0.12468701601028442,
                    0.4653382897377014,
                    0.3722706437110901
                ],
                [
                    0.0,
                    0.9659258723258972,
                    0.258819043636322,
                    0.10705523937940598
                ],
                [
                    0.0,
                    0.0,
                    0.0,
                    1.0
                ]
            ]
        },
        {
            "file_path": "0013.png",
            "transform_matrix": [
                [
                    -0.5180269479751587,
                    -0.22138457000255585,
                    0.8262184262275696,
                    0.6609747409820557
                ],
                [
                    0.8553642630577087,
                    -0.13407525420188904,
                    0.5003756284713745,
                    0.400300532579422
                ],
                [
                    0.0,
                    0.9659258723258972,
                    0.258819043636322,
                    0.10705523937940598
                ],
                [
                    0.0,
                    0.0,
                    0.0,
                    1.0
                ]
            ]
        },
        {
            "file_path": "0014.png",
            "transform_matrix": [
                [
                    -0.5533915162086487,
                    -0.21557588875293732,
                    0.8045401573181152,
                    0.6436321139335632
                ],
                [
                    0.8329212665557861,
                    -0.14322826266288757,
                    0.5345351696014404,
                    0.42762815952301025
                ],
                [
                    0.0,
                    0.9659258723258972,
                    0.258819043636322,
                    0.10705523937940598
                ],
                [
                    0.0,
                    0.0,
                    0.0,
                    1.0
                ]
            ]
        },
        {
            "file_path": "0015.png",
            "transform_matrix": [
                [
                    -0.5877852439880371,
                    -0.20938901603221893,
                    0.7814503908157349,
                    0.6251603364944458
                ],
                [
                    0.80901700258255,
                    -0.15213002264499664,
                    0.5677569508552551,
                    0.45420557260513306
                ],
                [
                    0.0,
                    0.9659258723258972,
                    0.258819043636322,
                    0.10705523937940598
                ],
                [
                    0.0,
                    0.0,
                    0.0,
                    1.0
                ]
            ]
        },
        {
            "file_path": "0016.png",
            "transform_matrix": [
                [
                    -0.6211478114128113,
                    -0.20283479988574982,
                    0.7569897174835205,
                    0.6055917739868164
                ],
                [
                    0.7836934328079224,
                    -0.1607649028301239,
                    0.5999826788902283,
                    0.47998616099357605
                ],
                [
                    0.0,
                    0.9659258723258972,
                    0.258819043636322,
                    0.10705523937940598
                ],
                [
                    0.0,
                    0.0,
                    0.0,
                    1.0
                ]
            ]
        },
        {
            "file_path": "0017.png",
            "transform_matrix": [
                [
                    -0.6534205675125122,
                    -0.1959247589111328,
                    0.7312011122703552,
                    0.5849608778953552
                ],
                [
                    0.7569950819015503,
                    -0.16911770403385162,
                    0.631155788898468,
                    0.5049246549606323
                ],
                [
                    0.0,
                    0.9659258723258972,
                    0.258819043636322,
                    0.10705523937940598
                ],
                [
                    0.0,
                    0.0,
                    0.0,
                    1.0
                ]
            ]
        },
        {
            "file_path": "0018.png",
            "transform_matrix": [
                [
                    -0.6845471262931824,
                    -0.18867097795009613,
                    0.7041296362876892,
                    0.5633037090301514
                ],
                [
                    0.7289686799049377,
                    -0.17717383801937103,
                    0.6612217426300049,
                    0.5289773941040039
                ],
                [
                    0.0,
                    0.9659258723258972,
                    0.258819043636322,
                    0.10705523937940598
                ],
                [
                    0.0,
                    0.0,
                    0.0,
                    1.0
                ]
            ]
        },
        {
            "file_path": "0019.png",
            "transform_matrix": [
                [
                    -0.7144727110862732,
                    -0.1810862123966217,
                    0.6758228540420532,
                    0.5406582951545715
                ],
                [
                    0.6996633410453796,
                    -0.18491916358470917,
                    0.6901276111602783,
                    0.5521020889282227
                ],
                [
                    0.0,
                    0.9659258723258972,
                    0.258819043636322,
                    0.10705523937940598
                ],
                [
                    0.0,
                    0.0,
                    0.0,
                    1.0
                ]
            ]
        },
        {
            "file_path": "0020.png",
            "transform_matrix": [
                [
                    -0.7431448101997375,
                    -0.17318376898765564,
                    0.6463305354118347,
                    0.5170644521713257
                ],
                [
                    0.6691306829452515,
                    -0.19234003126621246,
                    0.7178227305412292,
                    0.5742582082748413
                ],
                [
                    0.0,
                    0.9659258127212524,
                    0.258819043636322,
                    0.10705523937940598
                ],
                [
                    0.0,
                    0.0,
                    0.0,
                    1.0
                ]
            ]
        },
        {
            "file_path": "0021.png",
            "transform_matrix": [
                [
                    -0.7705132365226746,
                    -0.16497749090194702,
                    0.6157042980194092,
                    0.4925634264945984
                ],
                [
                    0.6374239921569824,
                    -0.19942352175712585,
                    0.7442586421966553,
                    0.5954068899154663
                ],
                [
                    0.0,
                    0.9659258127212524,
                    0.2588190734386444,
                    0.10705523937940598
                ],
                [
                    0.0,
                    0.0,
                    0.0,
                    1.0
                ]
            ]
        },
        {
            "file_path": "0022.png",
            "transform_matrix": [
                [
                    -0.7965298891067505,
                    -0.1564817875623703,
                    0.583997905254364,
                    0.46719831228256226
                ],
                [
                    0.604599118232727,
                    -0.2061571180820465,
                    0.7693887948989868,
                    0.6155110597610474
                ],
                [
                    0.0,
                    0.9659258723258972,
                    0.258819043636322,
                    0.10705523937940598
                ],
                [
                    0.0,
                    0.0,
                    0.0,
                    1.0
                ]
            ]
        },
        {
            "file_path": "0023.png",
            "transform_matrix": [
                [
                    -0.8211492300033569,
                    -0.14771156013011932,
                    0.5512669682502747,
                    0.4410135746002197
                ],
                [
                    0.5707135796546936,
                    -0.21252907812595367,
                    0.7931692004203796,
                    0.6345353722572327
                ],
                [
                    0.0,
                    0.9659258723258972,
                    0.258819043636322,
                    0.10705523937940598
                ],
                [
                    0.0,
                    0.0,
                    0.0,
                    1.0
                ]
            ]
        },
        {
            "file_path": "0024.png",
            "transform_matrix": [
                [
                    -0.844327986240387,
                    -0.13868218660354614,
                    0.5175688862800598,
                    0.41405513882637024
                ],
                [
                    0.5358268022537231,
                    -0.2185281664133072,
                    0.815558135509491,
                    0.6524465084075928
                ],
                [
                    0.0,
                    0.9659258127212524,
                    0.258819043636322,
                    0.10705523937940598
                ],
                [
                    0.0,
                    0.0,
                    0.0,
                    1.0
                ]
            ]
        },
        {
            "file_path": "0025.png",
            "transform_matrix": [
                [
                    -0.866025447845459,
                    -0.12940950691699982,
                    0.4829629063606262,
                    0.38637033104896545
                ],
                [
                    0.5,
                    -0.224143847823143,
                    0.8365163207054138,
                    0.669213056564331
                ],
                [
                    0.0,
                    0.9659258127212524,
                    0.258819043636322,
                    0.10705523937940598
                ],
                [
                    0.0,
                    0.0,
                    0.0,
                    1.0
                ]
            ]
        },
        {
            "file_path": "0026.png",
            "transform_matrix": [
                [
                    -0.8862035870552063,
                    -0.1199098601937294,
                    0.44750961661338806,
                    0.3580076992511749
                ],
                [
                    0.4632960855960846,
                    -0.22936637699604034,
                    0.8560068607330322,
                    0.6848055124282837
                ],
                [
                    0.0,
                    0.9659258723258972,
                    0.258819043636322,
                    0.10705523937940598
                ],
                [
                    0.0,
                    0.0,
                    0.0,
                    1.0
                ]
            ]
        },
        {
            "file_path": "0027.png",
            "transform_matrix": [
                [
                    -0.9048270583152771,
                    -0.11019980162382126,
                    0.41127121448516846,
                    0.3290169835090637
                ],
                [
                    0.4257793128490448,
                    -0.23418648540973663,
                    0.8739957809448242,
                    0.6991966366767883
                ],
                [
                    0.0,
                    0.9659258723258972,
                    0.258819043636322,
                    0.10705523937940598
                ],
                [
                    0.0,
                    0.0,
                    0.0,
                    1.0
                ]
            ]
        },
        {
            "file_path": "0028.png",
            "transform_matrix": [
                [
                    -0.9218631982803345,
                    -0.10029641538858414,
                    0.37431132793426514,
                    0.29944905638694763
                ],
                [
                    0.3875156044960022,
                    -0.23859575390815735,
                    0.8904514312744141,
                    0.7123611569404602
                ],
                [
                    0.0,
                    0.9659258723258972,
                    0.258819043636322,
                    0.10705523937940598
                ],
                [
                    0.0,
                    0.0,
                    0.0,
                    1.0
                ]
            ]
        },
        {
            "file_path": "0029.png",
            "transform_matrix": [
                [
                    -0.9372819662094116,
                    -0.09021709859371185,
                    0.33669477701187134,
                    0.26935580372810364
                ],
                [
                    0.3485720753669739,
                    -0.24258644878864288,
                    0.9053449034690857,
                    0.7242758870124817
                ],
                [
                    0.0,
                    0.9659258127212524,
                    0.2588190734386444,
                    0.10705523937940598
                ],
                [
                    0.0,
                    0.0,
                    0.0,
                    1.0
                ]
            ]
        },
        {
            "file_path": "0030.png",
            "transform_matrix": [
                [
                    -0.9510564804077148,
                    -0.07997948676347733,
                    0.29848748445510864,
                    0.23878999054431915
                ],
                [
                    0.30901697278022766,
                    -0.24615155160427094,
                    0.9186500310897827,
                    0.7349200248718262
                ],
                [
                    0.0,
                    0.9659258723258972,
                    0.258819043636322,
                    0.10705523937940598
                ],
                [
                    0.0,
                    0.0,
                    0.0,
                    1.0
                ]
            ]
        },
        {
            "file_path": "0031.png",
            "transform_matrix": [
                [
                    -0.9631626009941101,
                    -0.06960157305002213,
                    0.25975659489631653,
                    0.20780527591705322
                ],
                [
                    0.26891982555389404,
                    -0.24928481876850128,
                    0.9303435683250427,
                    0.7442748546600342
                ],
                [
                    0.0,
                    0.9659258723258972,
                    0.258819043636322,
                    0.10705523937940598
                ],
                [
                    0.0,
                    0.0,
                    0.0,
                    1.0
                ]
            ]
        },
        {
            "file_path": "0032.png",
            "transform_matrix": [
                [
                    -0.973578929901123,
                    -0.05910155549645424,
                    0.22056999802589417,
                    0.1764560043811798
                ],
                [
                    0.22835087776184082,
                    -0.2519807815551758,
                    0.9404049515724182,
                    0.7523239850997925
                ],
                [
                    0.0,
                    0.9659258127212524,
                    0.258819043636322,
                    0.10705523937940598
                ],
                [
                    0.0,
                    0.0,
                    0.0,
                    1.0
                ]
            ]
        },
        {
            "file_path": "0033.png",
            "transform_matrix": [
                [
                    -0.9822872281074524,
                    -0.04849785938858986,
                    0.18099644780158997,
                    0.1447971612215042
                ],
                [
                    0.187381312251091,
                    -0.2542346715927124,
                    0.9488165974617004,
                    0.7590532898902893
                ],
                [
                    0.0,
                    0.9659258723258972,
                    0.258819043636322,
                    0.10705523937940598
                ],
                [
                    0.0,
                    0.0,
                    0.0,
                    1.0
                ]
            ]
        },
        {
            "file_path": "0034.png",
            "transform_matrix": [
                [
                    -0.9892722964286804,
                    -0.03780907392501831,
                    0.14110536873340607,
                    0.11288429796695709
                ],
                [
                    0.1460830271244049,
                    -0.2560425400733948,
                    0.9555637240409851,
                    0.7644509673118591
                ],
                [
                    0.0,
                    0.9659258723258972,
                    0.258819043636322,
                    0.10705523937940598
                ],
                [
                    0.0,
                    0.0,
                    0.0,
                    1.0
                ]
            ]
        },
        {
            "file_path": "0035.png",
            "transform_matrix": [
                [
                    -0.9945218563079834,
                    -0.027053959667682648,
                    0.10096673667430878,
                    0.08077339082956314
                ],
                [
                    0.10452845692634583,
                    -0.2574012279510498,
                    0.9606343507766724,
                    0.7685074806213379
                ],
                [
                    0.0,
                    0.9659258723258972,
                    0.258819043636322,
                    0.10705523937940598
                ],
                [
                    0.0,
                    0.0,
                    0.0,
                    1.0
                ]
            ]
        },
        {
            "file_path": "0036.png",
            "transform_matrix": [
                [
                    -0.9980267286300659,
                    -0.01625138334929943,
                    0.060650985687971115,
                    0.04852078855037689
                ],
                [
                    0.06279052048921585,
                    -0.2583083212375641,
                    0.9640198349952698,
                    0.7712158560752869
                ],
                [
                    0.0,
                    0.9659258723258972,
                    0.258819043636322,
                    0.10705523937940598
                ],
                [
                    0.0,
                    0.0,
                    0.0,
                    1.0
                ]
            ]
        },
        {
            "file_path": "0037.png",
            "transform_matrix": [
                [
                    -0.9997807145118713,
                    -0.005420296918600798,
                    0.020228823646903038,
                    0.01618305966258049
                ],
                [
                    0.02094241976737976,
                    -0.25876230001449585,
                    0.9657139778137207,
                    0.7725712060928345
                ],
                [
                    0.0,
                    0.9659258723258972,
                    0.258819043636322,
                    0.10705523937940598
                ],
                [
                    0.0,
                    0.0,
                    0.0,
                    1.0
                ]
            ]
        },
        {
            "file_path": "0038.png",
            "transform_matrix": [
                [
                    -0.9997807145118713,
                    0.005420296918600798,
                    -0.020228823646903038,
                    -0.01618305966258049
                ],
                [
                    -0.02094241976737976,
                    -0.25876230001449585,
                    0.9657139778137207,
                    0.7725712060928345
                ],
                [
                    0.0,
                    0.9659258723258972,
                    0.258819043636322,
                    0.10705523937940598
                ],
                [
                    0.0,
                    0.0,
                    0.0,
                    1.0
                ]
            ]
        },
        {
            "file_path": "0039.png",
            "transform_matrix": [
                [
                    -0.9980267286300659,
                    0.01625138334929943,
                    -0.060650985687971115,
                    -0.04852078855037689
                ],
                [
                    -0.06279052048921585,
                    -0.2583083212375641,
                    0.9640198349952698,
                    0.7712158560752869
                ],
                [
                    0.0,
                    0.9659258723258972,
                    0.258819043636322,
                    0.10705523937940598
                ],
                [
                    0.0,
                    0.0,
                    0.0,
                    1.0
                ]
            ]
        },
        {
            "file_path": "0040.png",
            "transform_matrix": [
                [
                    -0.9945218563079834,
                    0.027053959667682648,
                    -0.10096673667430878,
                    -0.08077339082956314
                ],
                [
                    -0.10452845692634583,
                    -0.2574012279510498,
                    0.9606343507766724,
                    0.7685074806213379
                ],
                [
                    0.0,
                    0.9659258723258972,
                    0.258819043636322,
                    0.10705523937940598
                ],
                [
                    0.0,
                    0.0,
                    0.0,
                    1.0
                ]
            ]
        },
        {
            "file_path": "0041.png",
            "transform_matrix": [
                [
                    -0.9892722964286804,
                    0.03780907392501831,
                    -0.14110536873340607,
                    -0.11288429796695709
                ],
                [
                    -0.1460830271244049,
                    -0.2560425400733948,
                    0.9555637240409851,
                    0.7644509673118591
                ],
                [
                    0.0,
                    0.9659258723258972,
                    0.258819043636322,
                    0.10705523937940598
                ],
                [
                    0.0,
                    0.0,
                    0.0,
                    1.0
                ]
            ]
        },
        {
            "file_path": "0042.png",
            "transform_matrix": [
                [
                    -0.9822872281074524,
                    0.04849785938858986,
                    -0.18099644780158997,
                    -0.1447971612215042
                ],
                [
                    -0.187381312251091,
                    -0.2542346715927124,
                    0.9488165974617004,
                    0.7590532898902893
                ],
                [
                    0.0,
                    0.9659258723258972,
                    0.258819043636322,
                    0.10705523937940598
                ],
                [
                    0.0,
                    0.0,
                    0.0,
                    1.0
                ]
            ]
        },
        {
            "file_path": "0043.png",
            "transform_matrix": [
                [
                    -0.973578929901123,
                    0.05910155549645424,
                    -0.22056999802589417,
                    -0.1764560043811798
                ],
                [
                    -0.22835087776184082,
                    -0.2519807815551758,
                    0.9404049515724182,
                    0.7523239850997925
                ],
                [
                    0.0,
                    0.9659258127212524,
                    0.258819043636322,
                    0.10705523937940598
                ],
                [
                    0.0,
                    0.0,
                    0.0,
                    1.0
                ]
            ]
        },
        {
            "file_path": "0044.png",
            "transform_matrix": [
                [
                    -0.9631626009941101,
                    0.06960157305002213,
                    -0.25975659489631653,
                    -0.20780527591705322
                ],
                [
                    -0.26891982555389404,
                    -0.24928481876850128,
                    0.9303435683250427,
                    0.7442748546600342
                ],
                [
                    0.0,
                    0.9659258723258972,
                    0.258819043636322,
                    0.10705523937940598
                ],
                [
                    0.0,
                    0.0,
                    0.0,
                    1.0
                ]
            ]
        },
        {
            "file_path": "0045.png",
            "transform_matrix": [
                [
                    -0.9510564804077148,
                    0.07997948676347733,
                    -0.29848748445510864,
                    -0.23878999054431915
                ],
                [
                    -0.30901697278022766,
                    -0.24615155160427094,
                    0.9186500310897827,
                    0.7349200248718262
                ],
                [
                    0.0,
                    0.9659258723258972,
                    0.258819043636322,
                    0.10705523937940598
                ],
                [
                    0.0,
                    0.0,
                    0.0,
                    1.0
                ]
            ]
        },
        {
            "file_path": "0046.png",
            "transform_matrix": [
                [
                    -0.9372819662094116,
                    0.09021709859371185,
                    -0.33669477701187134,
                    -0.26935580372810364
                ],
                [
                    -0.3485720753669739,
                    -0.24258644878864288,
                    0.9053449034690857,
                    0.7242758870124817
                ],
                [
                    0.0,
                    0.9659258127212524,
                    0.2588190734386444,
                    0.10705523937940598
                ],
                [
                    0.0,
                    0.0,
                    0.0,
                    1.0
                ]
            ]
        },
        {
            "file_path": "0047.png",
            "transform_matrix": [
                [
                    -0.9218631982803345,
                    0.10029641538858414,
                    -0.37431132793426514,
                    -0.29944905638694763
                ],
                [
                    -0.3875156044960022,
                    -0.23859575390815735,
                    0.8904514312744141,
                    0.7123611569404602
                ],
                [
                    0.0,
                    0.9659258723258972,
                    0.258819043636322,
                    0.10705523937940598
                ],
                [
                    0.0,
                    0.0,
                    0.0,
                    1.0
                ]
            ]
        },
        {
            "file_path": "0048.png",
            "transform_matrix": [
                [
                    -0.9048270583152771,
                    0.11019980162382126,
                    -0.41127121448516846,
                    -0.3290169835090637
                ],
                [
                    -0.4257793128490448,
                    -0.23418648540973663,
                    0.8739957809448242,
                    0.6991966366767883
                ],
                [
                    0.0,
                    0.9659258723258972,
                    0.258819043636322,
                    0.10705523937940598
                ],
                [
